	l	b	apogee	galah	gaia_eso
0	0.0	0.0	1.975220061507653	0.5421726560260673	1.3192985120900722
1	3.6363636363636362	0.0	3.870701449360663	1.8728938819026721	3.319495232351517
2	7.2727272727272725	0.0	3.666867717072428	1.5980654605627274	3.3498093984987656
3	10.909090909090908	0.0	4.084524756781166	1.9582010621795967	3.777446971908614
4	14.545454545454545	0.0	3.930824412330436	2.0323873568908652	3.607332940510369
5	18.18181818181818	0.0	3.7195251440203765	1.9518243836487237	3.124298929533765
6	21.818181818181817	0.0	3.7582814833662685	1.776966764895062	3.4043316165172306
7	25.454545454545453	0.0	3.6200639793045872	1.4280976853444114	2.9163246958219027
8	29.09090909090909	0.0	4.3011613452910895	1.8324995683171423	4.135365694870915
9	32.72727272727273	0.0	4.875467213548125	2.12406276379168	5.735784618341971
10	36.36363636363636	0.0	3.2785074262650764	1.7384906920841021	2.5430563063694747
11	40.0	0.0	3.930765873399129	1.3551292359114744	3.1019521454226098
12	43.63636363636363	0.0	3.4927251708339297	1.0978156297581048	2.4885895259640956
13	47.27272727272727	0.0	4.05543274933133	1.3408240233401443	3.5617511355704696
14	50.90909090909091	0.0	3.8148921421688313	1.5818694295775853	3.260378837118449
15	54.54545454545455	0.0	4.4354468532962645	1.6907458898768886	4.326000487034696
16	58.18181818181818	0.0	4.219993888714558	1.8471984674926256	3.8727765305099355
17	61.81818181818181	0.0	4.521072864864517	1.72952715561916	4.515811725917925
18	65.45454545454545	0.0	4.9859073724810905	2.3619234448457247	5.9439640710198285
19	69.0909090909091	0.0	4.521588961331036	1.951649619316175	4.517646854767872
20	72.72727272727272	0.0	4.630740936650058	1.7370785085520186	4.8172551265131345
21	76.36363636363636	0.0	3.6400092853073724	1.1365587119927367	2.8491710424418604
22	80.0	0.0	3.2754111563898927	1.3463132763113532	2.1321310605766954
23	83.63636363636364	0.0	4.191267293358328	1.5290339605492584	3.759015904149898
24	87.27272727272727	0.0	5.053500825902461	3.0159802569044487	6.458719473800769
25	90.9090909090909	0.0	4.293927844247461	2.0792585896913653	3.9927173035422143
26	94.54545454545455	0.0	4.6979627768438625	2.2000133239485127	4.868064511073479
27	98.18181818181817	0.0	4.8690063158931265	2.536028508604391	6.33109686758428
28	101.81818181818181	0.0	5.504294828631952	2.7296053131314375	10.00537837684736
29	105.45454545454545	0.0	5.980699680845095	3.1037953010673074	14.880115454240716
30	109.0909090909091	0.0	5.1553499745346025	2.2758563309273954	6.556651369585671
31	112.72727272727272	0.0	5.749743862175425	2.325291997124426	17.435938576394076
32	116.36363636363636	0.0	5.850743834941152	2.68195139991605	18.793978313689706
33	120.0	0.0	5.368942923096266	2.6307796241192745	9.931334467417152
34	123.63636363636363	0.0	5.796974657742587	2.5532545414664547	18.036406311780947
35	127.27272727272727	0.0	5.4223212651117825	2.0974324607838146	12.275969544418869
36	130.9090909090909	0.0	5.5853981645158495	2.3950246330903013	14.275731034369667
37	134.54545454545453	0.0	4.78965499958926	1.544561219364169	6.1549522676109545
38	138.1818181818182	0.0	5.366548585940505	2.1363757139815203	11.571993277568927
39	141.8181818181818	0.0	4.712591735149149	1.2367842925687782	5.517844167957392
40	145.45454545454544	0.0	4.615765989206456	1.2843575567965202	5.053458790857596
41	149.0909090909091	0.0	5.265731074306825	1.8206464469273513	10.464928214389186
42	152.72727272727272	0.0	5.500380130220612	2.3320367848702332	12.66190021325408
43	156.36363636363635	0.0	5.272674595847472	1.7563624998780163	10.78752857798396
44	160.0	0.0	5.580488127508303	2.18178595480635	14.090431231542857
45	163.63636363636363	0.0	6.034245243696592	3.2487454064001797	22.6116135577335
46	167.27272727272728	0.0	5.785900657444769	2.505033718261526	17.404804557195533
47	170.9090909090909	0.0	5.559508416167372	2.277978309672782	9.919452849404532
48	174.54545454545453	0.0	5.634237056492704	2.371206423059934	15.26606778594314
49	178.1818181818182	0.0	5.394681482815329	1.9912061192346517	11.761324850021781
50	181.8181818181818	0.0	5.25963724589732	1.7592052229138748	10.0932683421644
51	185.45454545454544	0.0	5.8896610469502155	2.6975441221311085	17.44176696804225
52	189.0909090909091	0.0	5.345058505726243	1.9971822698210517	10.966128728469897
53	192.72727272727272	0.0	4.621871066157154	2.0953994529993474	5.054882411503063
54	196.36363636363635	0.0	5.496573464885249	2.2922432716748213	13.742861162747799
55	200.0	0.0	5.93652540943916	2.94841888435899	21.340851335308344
56	203.63636363636363	0.0	5.571427654282029	2.7016319156990325	14.256634560531822
57	207.27272727272725	0.0	5.735835028151968	2.7484292331198006	16.20292101921727
58	210.9090909090909	0.0	6.043927456898121	3.2007355433524927	22.1712820303434
59	214.54545454545453	0.0	6.153984016269189	3.612043453651603	25.39547613576319
60	218.1818181818182	0.0	5.650822184335878	2.615056876695606	15.422445418526252
61	221.8181818181818	0.0	5.991072593237854	2.8043175868297565	20.21833544189629
62	225.45454545454544	0.0	5.363859858773814	1.9001916881620655	9.979040130915456
63	229.0909090909091	0.0	6.10604180348458	3.437134566194519	23.966220363543762
64	232.72727272727272	0.0	5.017471091128044	1.8942563947335644	7.052751854647876
65	236.36363636363635	0.0	5.9253197036211835	3.3113474900173845	19.89737773463255
66	240.0	0.0	6.188828090287332	3.6499137590453565	21.08561153635861
67	243.63636363636363	0.0	6.164836792945549	3.4238661149533547	23.866361453633743
68	247.27272727272725	0.0	6.061143835098682	3.0625205861805855	21.476113268328692
69	250.9090909090909	0.0	5.644885073881978	2.2148209498718248	16.380202706037394
70	254.54545454545453	0.0	4.857606718397021	1.6163623685922002	6.698317569675749
71	258.1818181818182	0.0	5.528157792397364	1.9619015482096005	14.483079338385412
72	261.8181818181818	0.0	4.018919007445029	1.566958358079864	3.2957829218424313
73	265.45454545454544	0.0	4.450675530356723	1.7405548551109915	4.3362577219033165
74	269.09090909090907	0.0	4.4814046219470285	1.510993060247864	4.335641933838411
75	272.7272727272727	0.0	5.17356461725942	2.2415807870638744	9.90302132876581
76	276.3636363636364	0.0	5.19753252362195	2.5508296658665883	10.022098904397456
77	280.0	0.0	5.0690459544378745	2.600435127303478	8.08201982887558
78	283.6363636363636	0.0	3.920947212120495	2.2251363268438	3.6053377112413454
79	287.27272727272725	0.0	4.488950014083612	2.104483892031249	4.440046011463722
80	290.9090909090909	0.0	4.936624780674196	2.7404446894803085	5.354935577130499
81	294.54545454545456	0.0	5.006708624619198	2.7526111606260812	5.6182850976676955
82	298.1818181818182	0.0	5.044609632026525	2.6180398065774617	5.863971560569457
83	301.8181818181818	0.0	4.258401478568022	1.9683636612151643	4.0339981350007985
84	305.45454545454544	0.0	4.285407083454359	2.0175260766138394	3.9780492137309924
85	309.09090909090907	0.0	4.045229729214692	2.3232321284699653	3.7644716351519993
86	312.7272727272727	0.0	4.297759158494559	2.1768971335363188	4.041825035784775
87	316.3636363636364	0.0	4.277861444247738	2.1851566890068246	4.1220837312361684
88	320.0	0.0	4.150545076503348	1.6637085865169827	3.6654604588559643
89	323.6363636363636	0.0	4.216734543960374	1.5823193024797737	3.708169558774785
90	327.27272727272725	0.0	3.679453317041355	1.606095119904639	2.876447539361314
91	330.9090909090909	0.0	4.347658378310117	2.23727451159643	4.208373717548642
92	334.54545454545456	0.0	4.335597801632922	2.071504265395169	4.242099079470046
93	338.1818181818182	0.0	4.666282394691661	2.5678102757560066	4.854243043551487
94	341.8181818181818	0.0	4.163642260239546	2.1799427322558147	3.8173793834026726
95	345.45454545454544	0.0	3.9199818885843816	1.9873210001684045	3.6005096514307744
96	349.09090909090907	0.0	4.230655883805767	2.0373232792486253	3.917564752493196
97	352.7272727272727	0.0	2.9853925192597495	1.2902516509463227	2.000134554719853
98	356.3636363636364	0.0	3.875937431922141	1.8658481654642178	3.131772791773501
99	360.0	0.0	1.975220061507653	0.5421726560260673	1.3192985120900722
