# File generated by CMD 2.7 (http://stev.oapd.inaf.it/cmd) on Sun Dec 20 06:33:00 CET 2015
# PARSEC isochrones, release v1.2S
# Basic references: Bressan et al. (2012), MNRAS, 427, 127 + Chen et al. (2014), MNRAS, 444, 2525 + Tang et al. (2014), MNRAS, 445, 4287 + Chen et al. (2015), MNRAS accepted
# Warning: the TP-AGB phase is not included! TP-AGB tracks are in preparation by Marigo et al.
# Photometric system: <i>UBVRIJHK</i> (cf. Maiz-Apellaniz 2006 + Bessell 1990)
# Using NBC version of bolometric corrections as in Chen et al. (2014), MNRAS, 444, 2525
# BCs of Carbon stars derive from Aringer et al. (2009, A&A 503, 913)
# O-rich circumstellar dust ignored
# C-rich circumstellar dust ignored
# IMF: Chabrier (2001) lognormal 
# On RGB, assumed Reimers mass loss with efficiency eta=0.2
# Kind of output: isochrone tables
#	Isochrone  Z = 0.00352	Y = 0.25526	[M/H] = -0.639	eta_R = 0.200	Age = 	2.0000e+09 yr
	Z	log(age/yr)	M_ini 	M_act	logL/Lo	logTe	logG	mbol	U	B	V	R	I	J	H	K	int_IMF	stage
	0.003520	9.3010	0.09000000	0.0900	-3.2994	3.4169	5.3112	13.019	22.480	19.667	17.614	15.265	12.984	10.902	10.494	10.275	1.46765435	0
	0.003520	9.3010	0.09167164	0.0917	-3.2630	3.4220	5.3033	12.927	22.104	19.382	17.351	15.083	12.851	10.827	10.407	10.183	1.48555827	1
	0.003520	9.3010	0.10000000	0.1000	-3.0866	3.4467	5.2634	12.486	20.453	18.074	16.158	14.232	12.223	10.460	9.989	9.750	1.57040203	1
	0.003520	9.3010	0.12000000	0.1200	-2.8143	3.4797	5.2020	11.806	18.309	16.341	14.546	13.017	11.350	9.879	9.358	9.106	1.74782515	1
	0.003520	9.3010	0.14000000	0.1400	-2.6291	3.4987	5.1602	11.343	17.104	15.352	13.624	12.270	10.809	9.474	8.934	8.683	1.89584959	1
	0.003520	9.3010	0.15614237	0.1561	-2.5135	3.5092	5.1338	11.054	16.453	14.808	13.121	11.842	10.486	9.216	8.668	8.418	1.99846113	1
	0.003520	9.3010	0.16000000	0.1600	-2.4877	3.5115	5.1279	10.989	16.312	14.689	13.011	11.748	10.415	9.159	8.608	8.360	2.02115250	1
	0.003520	9.3010	0.20000000	0.2000	-2.2737	3.5288	5.0798	10.454	15.264	13.788	12.183	11.017	9.838	8.674	8.112	7.870	2.22178221	1
	0.003520	9.3010	0.21371682	0.2137	-2.2155	3.5327	5.0662	10.309	15.014	13.568	11.981	10.833	9.685	8.540	7.975	7.735	2.27885509	1
	0.003520	9.3010	0.25000000	0.2500	-2.0778	3.5421	5.0341	9.964	14.438	13.054	11.511	10.403	9.326	8.222	7.651	7.416	2.40809011	1
	0.003520	9.3010	0.34077877	0.3408	-1.7940	3.5578	4.9477	9.255	13.379	12.089	10.613	9.565	8.598	7.558	6.975	6.748	2.63750958	1
	0.003520	9.3010	0.39077875	0.3908	-1.6422	3.5686	4.8986	8.876	12.790	11.552	10.118	9.106	8.209	7.212	6.620	6.398	2.72684622	1
	0.003520	9.3010	0.44077876	0.4408	-1.4807	3.5822	4.8438	8.472	12.147	10.967	9.588	8.618	7.797	6.847	6.244	6.034	2.79916072	1
	0.003520	9.3010	0.49077877	0.4908	-1.3052	3.6006	4.7887	8.033	11.405	10.301	8.999	8.087	7.351	6.458	5.839	5.652	2.85863328	1
	0.003520	9.3010	0.54077876	0.5408	-1.1207	3.6256	4.7460	7.572	10.551	9.540	8.361	7.531	6.886	6.058	5.418	5.275	2.90836692	1
	0.003520	9.3010	0.55556381	0.5556	-1.0659	3.6344	4.7382	7.435	10.271	9.296	8.161	7.363	6.749	5.943	5.303	5.174	2.92150211	1
	0.003520	9.3010	0.59077877	0.5908	-0.9407	3.6547	4.7208	7.122	9.565	8.716	7.696	6.979	6.434	5.684	5.070	4.967	2.95035625	1
	0.003520	9.3010	0.59606117	0.5960	-0.9220	3.6579	4.7187	7.075	9.451	8.629	7.626	6.922	6.387	5.647	5.039	4.939	2.95441508	1
	0.003520	9.3010	0.64077872	0.6408	-0.7702	3.6838	4.7021	6.696	8.542	7.959	7.077	6.477	6.008	5.351	4.808	4.727	2.98630667	1
	0.003520	9.3010	0.64141685	0.6414	-0.7681	3.6841	4.7018	6.690	8.530	7.950	7.069	6.471	6.003	5.347	4.806	4.724	2.98673177	1
	0.003520	9.3010	0.69077879	0.6907	-0.6112	3.7102	4.6814	6.298	7.663	7.330	6.548	6.038	5.618	5.050	4.586	4.516	3.01729274	1
	0.003520	9.3010	0.73135358	0.7313	-0.4894	3.7304	4.6651	5.994	7.058	6.884	6.176	5.719	5.332	4.825	4.414	4.354	3.03941274	1
	0.003520	9.3010	0.74077874	0.7407	-0.4620	3.7349	4.6613	5.925	6.929	6.788	6.095	5.648	5.269	4.775	4.376	4.317	3.04421473	1
	0.003520	9.3010	0.75340694	0.7534	-0.4259	3.7403	4.6542	5.835	6.768	6.665	5.991	5.557	5.185	4.707	4.321	4.265	3.05046558	1
	0.003520	9.3010	0.79077876	0.7907	-0.3218	3.7557	4.6328	5.574	6.332	6.320	5.701	5.299	4.950	4.514	4.161	4.111	3.06782937	1
	0.003520	9.3010	0.82831830	0.8282	-0.2210	3.7689	4.6047	5.322	5.949	6.001	5.430	5.052	4.724	4.322	3.996	3.952	3.08370662	1
	0.003520	9.3010	0.84077883	0.8407	-0.1882	3.7731	4.5953	5.240	5.829	5.900	5.343	4.974	4.652	4.260	3.942	3.900	3.08865595	1
	0.003520	9.3010	0.86674988	0.8667	-0.1209	3.7808	4.5722	5.072	5.593	5.696	5.167	4.815	4.505	4.130	3.826	3.788	3.09850311	1
	0.003520	9.3010	0.89077872	0.8907	-0.0598	3.7877	4.5504	4.920	5.387	5.511	5.007	4.673	4.375	4.015	3.719	3.689	3.10709047	1
	0.003520	9.3010	0.91645259	0.9163	0.0043	3.7943	4.5250	4.759	5.182	5.320	4.841	4.523	4.236	3.890	3.604	3.579	3.11575580	1
	0.003520	9.3010	0.94077879	0.9406	0.0641	3.8003	4.5006	4.610	4.995	5.144	4.687	4.382	4.104	3.771	3.495	3.475	3.12351966	1
	0.003520	9.3010	0.96089399	0.9607	0.1131	3.8053	4.4806	4.487	4.850	5.001	4.561	4.266	3.996	3.674	3.408	3.389	3.12963533	1
	0.003520	9.3010	0.98625261	0.9861	0.1741	3.8114	4.4553	4.335	4.671	4.824	4.405	4.121	3.860	3.552	3.298	3.281	3.13698125	1
	0.003520	9.3010	0.99077874	0.9906	0.1849	3.8124	4.4507	4.308	4.640	4.793	4.377	4.095	3.836	3.530	3.279	3.261	3.13825178	1
	0.003520	9.3010	0.99148589	0.9913	0.1865	3.8126	4.4500	4.304	4.635	4.788	4.373	4.091	3.832	3.527	3.276	3.258	3.13844919	1
	0.003520	9.3010	1.01555967	1.0153	0.2434	3.8183	4.4264	4.162	4.473	4.624	4.227	3.955	3.706	3.414	3.174	3.158	3.14499927	1
	0.003520	9.3010	1.03792477	1.0377	0.2957	3.8235	4.4042	4.031	4.327	4.474	4.092	3.830	3.589	3.309	3.080	3.065	3.15079188	1
	0.003520	9.3010	1.04077876	1.0405	0.3023	3.8241	4.4014	4.014	4.308	4.455	4.075	3.814	3.575	3.296	3.068	3.053	3.15151167	1
	0.003520	9.3010	1.04771698	1.0475	0.3183	3.8258	4.3951	3.974	4.263	4.409	4.034	3.776	3.539	3.265	3.040	3.026	3.15324426	1
	0.003520	9.3010	1.06762576	1.0674	0.3638	3.8306	4.3768	3.860	4.136	4.277	3.917	3.668	3.439	3.175	2.961	2.947	3.15808034	1
	0.003520	9.3010	1.08646595	1.0862	0.4066	3.8350	4.3594	3.753	4.020	4.154	3.806	3.566	3.345	3.091	2.886	2.873	3.16248059	1
	0.003520	9.3010	1.09077883	1.0905	0.4164	3.8360	4.3554	3.729	3.994	4.126	3.781	3.543	3.323	3.072	2.869	2.856	3.16346502	1
	0.003520	9.3010	1.10234821	1.1020	0.4424	3.8390	4.3458	3.664	3.923	4.051	3.713	3.481	3.267	3.022	2.825	2.813	3.16606426	1
	0.003520	9.3010	1.12677741	1.1265	0.4967	3.8451	4.3255	3.528	3.778	3.894	3.573	3.352	3.149	2.919	2.734	2.722	3.17136359	1
	0.003520	9.3010	1.14077878	1.1404	0.5274	3.8486	4.3139	3.451	3.695	3.806	3.493	3.280	3.083	2.860	2.682	2.671	3.17429066	1
	0.003520	9.3010	1.19493353	1.1946	0.6388	3.8626	4.2787	3.173	3.400	3.482	3.204	3.019	2.847	2.655	2.506	2.496	3.18491602	1
	0.003520	9.3010	1.23155761	1.2311	0.7120	3.8705	4.2505	2.990	3.210	3.273	3.015	2.846	2.689	2.514	2.382	2.372	3.19153142	1
	0.003520	9.3010	1.26749325	1.2671	0.7831	3.8782	4.2227	2.812	3.027	3.070	2.832	2.679	2.536	2.379	2.261	2.252	3.19762158	1
	0.003520	9.3010	1.28155744	1.2811	0.8108	3.8808	4.2099	2.743	2.957	2.992	2.761	2.613	2.476	2.323	2.211	2.202	3.19990182	1
	0.003520	9.3010	1.32981193	1.3293	0.9063	3.8869	4.1551	2.504	2.716	2.731	2.516	2.383	2.258	2.119	2.019	2.010	3.20731091	1
	0.003520	9.3010	1.33155751	1.3311	0.9098	3.8871	4.1528	2.496	2.707	2.722	2.507	2.374	2.250	2.111	2.012	2.002	3.20756769	1
	0.003520	9.3010	1.36487842	1.3644	0.9770	3.8880	4.1000	2.327	2.540	2.545	2.336	2.206	2.085	1.948	1.852	1.842	3.21232343	1
	0.003520	9.3010	1.38155758	1.3811	1.0110	3.8876	4.0695	2.243	2.457	2.458	2.249	2.119	1.999	1.860	1.764	1.754	3.21460652	1
	0.003520	9.3010	1.38333380	1.3828	1.0145	3.8873	4.0654	2.234	2.448	2.450	2.240	2.110	1.989	1.850	1.753	1.743	3.21484613	1
	0.003520	9.3010	1.40025985	1.3997	1.0484	3.8836	4.0219	2.149	2.369	2.371	2.154	2.018	1.891	1.744	1.641	1.631	3.21709323	1
	0.003520	9.3010	1.41715372	1.4166	1.0821	3.8776	3.9696	2.065	2.291	2.298	2.069	1.922	1.785	1.626	1.514	1.502	3.21927547	1
	0.003520	9.3010	1.43155754	1.4310	1.1110	3.8705	3.9167	1.992	2.228	2.241	1.998	1.838	1.689	1.515	1.390	1.378	3.22109008	1
	0.003520	9.3010	1.44294536	1.4424	1.1335	3.8637	3.8706	1.936	2.181	2.202	1.944	1.771	1.610	1.422	1.285	1.272	3.22249556	1
	0.003520	9.3010	1.45588744	1.4553	1.1603	3.8548	3.8117	1.869	2.130	2.159	1.880	1.691	1.514	1.307	1.152	1.138	3.22406268	1
	0.003520	9.3010	1.46751940	1.4670	1.1893	3.8488	3.7622	1.797	2.070	2.102	1.810	1.609	1.423	1.202	1.037	1.022	3.22544432	1
	0.003520	9.3010	1.47039294	1.4698	1.2047	3.8537	3.7675	1.758	2.023	2.047	1.768	1.577	1.400	1.190	1.035	1.020	3.22578192	1
	0.003520	9.3010	1.47351432	1.4730	1.2261	3.8626	3.7826	1.705	1.955	1.965	1.708	1.536	1.374	1.184	1.046	1.033	3.22614670	1
	0.003520	9.3010	1.47448945	1.4739	1.2425	3.8722	3.8046	1.664	1.901	1.896	1.662	1.509	1.365	1.195	1.076	1.063	3.22626042	1
	0.003520	9.3010	1.47497332	1.4744	1.2604	3.8823	3.8275	1.619	1.844	1.822	1.614	1.481	1.356	1.207	1.106	1.094	3.22631669	1
	0.003520	9.3010	1.47523689	1.4747	1.2803	3.8923	3.8475	1.569	1.783	1.746	1.563	1.450	1.343	1.215	1.131	1.119	3.22634745	1
	0.003520	9.3010	1.47540331	1.4748	1.3034	3.9020	3.8635	1.512	1.716	1.666	1.509	1.414	1.325	1.215	1.146	1.135	3.22636676	1
	0.003520	9.3010	1.47549498	1.4749	1.3178	3.9076	3.8713	1.475	1.675	1.618	1.476	1.392	1.312	1.212	1.151	1.141	3.22637749	2
	0.003520	9.3010	1.47554386	1.4750	1.3037	3.9034	3.8687	1.511	1.714	1.663	1.509	1.417	1.330	1.222	1.155	1.145	3.22638321	2
	0.003520	9.3010	1.47558701	1.4750	1.2864	3.8965	3.8586	1.554	1.764	1.721	1.549	1.444	1.345	1.224	1.147	1.136	3.22638822	2
	0.003520	9.3010	1.47564399	1.4751	1.2807	3.8867	3.8251	1.568	1.788	1.758	1.562	1.438	1.321	1.182	1.088	1.077	3.22639465	2
	0.003520	9.3010	1.47573173	1.4752	1.2912	3.8746	3.7660	1.542	1.777	1.762	1.537	1.390	1.252	1.087	0.973	0.960	3.22640491	2
	0.003520	9.3010	1.47585618	1.4753	1.3057	3.8619	3.7007	1.506	1.760	1.760	1.505	1.333	1.172	0.981	0.843	0.829	3.22641945	2
	0.003520	9.3010	1.47603226	1.4755	1.3149	3.8487	3.6388	1.483	1.762	1.777	1.490	1.292	1.108	0.887	0.724	0.708	3.22643995	2
	0.003520	9.3010	1.47627580	1.4757	1.3194	3.8357	3.5824	1.472	1.780	1.810	1.488	1.265	1.057	0.807	0.618	0.601	3.22646809	2
	0.003520	9.3010	1.47658980	1.4760	1.3207	3.8238	3.5336	1.468	1.811	1.850	1.495	1.249	1.020	0.743	0.529	0.510	3.22650456	2
	0.003520	9.3010	1.47696936	1.4764	1.3196	3.8131	3.4921	1.471	1.851	1.894	1.508	1.241	0.994	0.692	0.456	0.434	3.22654867	2
	0.003520	9.3010	1.47740614	1.4768	1.3159	3.8034	3.4569	1.480	1.900	1.945	1.527	1.241	0.979	0.652	0.395	0.372	3.22659922	2
	0.003520	9.3010	1.47790468	1.4773	1.3078	3.7936	3.4260	1.501	1.966	2.012	1.561	1.255	0.975	0.625	0.348	0.320	3.22665715	2
	0.003520	9.3010	1.47843254	1.4779	1.2944	3.7837	3.4002	1.534	2.050	2.099	1.612	1.282	0.985	0.612	0.317	0.282	3.22671819	2
	0.003520	9.3010	1.47896409	1.4784	1.2715	3.7738	3.3835	1.591	2.169	2.209	1.686	1.334	1.020	0.622	0.306	0.267	3.22677970	2
	0.003520	9.3010	1.47935545	1.4788	1.2473	3.7662	3.3775	1.652	2.284	2.309	1.759	1.393	1.065	0.648	0.315	0.272	3.22682500	2
	0.003520	9.3010	1.47974360	1.4792	1.2184	3.7584	3.3751	1.724	2.414	2.423	1.845	1.463	1.123	0.685	0.334	0.289	3.22686982	2
	0.003520	9.3010	1.48013067	1.4796	1.1939	3.7506	3.3687	1.785	2.539	2.527	1.921	1.524	1.172	0.713	0.344	0.296	3.22691441	2
	0.003520	9.3010	1.48077381	1.4802	1.1815	3.7393	3.3359	1.816	2.676	2.624	1.977	1.558	1.187	0.696	0.298	0.247	3.22698879	2
	0.003520	9.3010	1.48090219	1.4803	1.1830	3.7373	3.3264	1.812	2.694	2.632	1.978	1.555	1.181	0.684	0.281	0.228	3.22700357	3
	0.003520	9.3010	1.48138416	1.4808	1.2115	3.7320	3.2772	1.741	2.678	2.594	1.920	1.487	1.104	0.591	0.174	0.120	3.22705913	3
	0.003520	9.3010	1.48155749	1.4810	1.2246	3.7305	3.2581	1.708	2.661	2.570	1.891	1.455	1.069	0.552	0.131	0.076	3.22707915	3
	0.003520	9.3010	1.48193967	1.4814	1.2531	3.7273	3.2167	1.637	2.626	2.520	1.828	1.386	0.995	0.468	0.038	-0.017	3.22712302	3
	0.003520	9.3010	1.48238719	1.4818	1.2918	3.7244	3.1665	1.540	2.562	2.441	1.740	1.291	0.896	0.359	-0.077	-0.134	3.22717452	3
	0.003520	9.3010	1.48281622	1.4822	1.3306	3.7220	3.1181	1.443	2.492	2.360	1.649	1.196	0.796	0.253	-0.190	-0.247	3.22722387	3
	0.003520	9.3010	1.48324013	1.4827	1.3695	3.7198	3.0706	1.346	2.418	2.277	1.558	1.101	0.697	0.147	-0.301	-0.359	3.22727275	3
	0.003520	9.3010	1.48375797	1.4832	1.4172	3.7172	3.0129	1.227	2.331	2.176	1.447	0.985	0.577	0.018	-0.438	-0.497	3.22733212	3
	0.003520	9.3010	1.48421681	1.4836	1.4592	3.7151	2.9624	1.122	2.254	2.086	1.349	0.882	0.470	-0.096	-0.558	-0.617	3.22738481	3
	0.003520	9.3010	1.48468208	1.4841	1.5015	3.7129	2.9115	1.016	2.177	1.997	1.250	0.779	0.363	-0.210	-0.679	-0.739	3.22743821	3
	0.003520	9.3010	1.48515868	1.4846	1.5447	3.7106	2.8593	0.908	2.098	1.905	1.149	0.673	0.253	-0.328	-0.803	-0.863	3.22749281	3
	0.003520	9.3010	1.48568010	1.4851	1.5919	3.7081	2.8023	0.790	2.013	1.805	1.040	0.559	0.134	-0.455	-0.938	-0.999	3.22755241	3
	0.003520	9.3010	1.48619258	1.4856	1.6387	3.7056	2.7457	0.673	1.931	1.708	0.933	0.446	0.017	-0.581	-1.072	-1.133	3.22761106	3
	0.003520	9.3010	1.48671138	1.4861	1.6859	3.7031	2.6884	0.555	1.848	1.609	0.824	0.331	-0.103	-0.709	-1.207	-1.270	3.22767043	3
	0.003520	9.3010	1.48724306	1.4866	1.7332	3.7004	2.6305	0.437	1.766	1.512	0.716	0.217	-0.222	-0.837	-1.344	-1.407	3.22773123	3
	0.003520	9.3010	1.48776233	1.4871	1.7795	3.6978	2.5739	0.321	1.689	1.418	0.611	0.106	-0.338	-0.963	-1.478	-1.542	3.22779036	3
	0.003520	9.3010	1.48834014	1.4877	1.8298	3.6948	2.5120	0.196	1.607	1.317	0.497	-0.014	-0.463	-1.099	-1.624	-1.688	3.22785640	3
	0.003520	9.3010	1.48890245	1.4882	1.8769	3.6920	2.4537	0.078	1.536	1.224	0.391	-0.127	-0.582	-1.227	-1.761	-1.826	3.22792053	3
	0.003520	9.3010	1.48942816	1.4887	1.9194	3.6894	2.4011	-0.029	1.476	1.142	0.295	-0.229	-0.689	-1.343	-1.884	-1.950	3.22798038	3
	0.003520	9.3010	1.48985887	1.4891	1.9522	3.6874	2.3604	-0.111	1.432	1.080	0.222	-0.308	-0.772	-1.432	-1.980	-2.047	3.22802925	3
	0.003520	9.3010	1.49024224	1.4894	1.9807	3.6857	2.3250	-0.182	1.394	1.026	0.159	-0.375	-0.843	-1.510	-2.063	-2.130	3.22807288	3
	0.003520	9.3010	1.49062777	1.4898	2.0025	3.6844	2.2982	-0.236	1.364	0.985	0.110	-0.427	-0.897	-1.569	-2.126	-2.194	3.22811675	3
	0.003520	9.3010	1.49118221	1.4903	2.0285	3.6829	2.2662	-0.301	1.328	0.935	0.052	-0.489	-0.962	-1.639	-2.202	-2.270	3.22817969	3
	0.003520	9.3010	1.49131262	1.4904	2.0331	3.6826	2.2605	-0.313	1.322	0.926	0.042	-0.500	-0.974	-1.652	-2.215	-2.284	3.22819448	3
	0.003520	9.3010	1.49223018	1.4913	1.9630	3.6874	2.3503	-0.137	1.406	1.053	0.195	-0.335	-0.799	-1.459	-2.007	-2.073	3.22829866	3
	0.003520	9.3010	1.49255717	1.4916	1.9047	3.6913	2.4243	0.008	1.480	1.162	0.324	-0.196	-0.652	-1.299	-1.835	-1.900	3.22833562	3
	0.003520	9.3010	1.49279416	1.4918	1.8665	3.6939	2.4727	0.104	1.532	1.234	0.409	-0.104	-0.556	-1.194	-1.722	-1.787	3.22836256	3
	0.003520	9.3010	1.49308825	1.4921	1.8941	3.6922	2.4384	0.035	1.493	1.180	0.347	-0.171	-0.626	-1.270	-1.803	-1.868	3.22839570	3
	0.003520	9.3010	1.49361002	1.4926	1.9443	3.6890	2.3758	-0.091	1.423	1.084	0.234	-0.291	-0.752	-1.407	-1.949	-2.015	3.22845483	3
	0.003520	9.3010	1.49412191	1.4930	1.9903	3.6862	2.3184	-0.206	1.363	0.998	0.132	-0.400	-0.867	-1.532	-2.084	-2.151	3.22851276	3
	0.003520	9.3010	1.49461508	1.4935	2.0350	3.6834	2.2627	-0.317	1.304	0.915	0.033	-0.506	-0.979	-1.654	-2.214	-2.283	3.22856832	3
	0.003520	9.3010	1.49507892	1.4939	2.0782	3.6806	2.2084	-0.426	1.249	0.835	-0.062	-0.608	-1.086	-1.772	-2.342	-2.411	3.22862077	3
	0.003520	9.3010	1.49552369	1.4943	2.1216	3.6778	2.1539	-0.534	1.196	0.756	-0.156	-0.711	-1.195	-1.890	-2.469	-2.539	3.22867084	3
	0.003520	9.3010	1.49593818	1.4946	2.1640	3.6749	2.1003	-0.640	1.147	0.680	-0.247	-0.810	-1.300	-2.006	-2.593	-2.664	3.22871757	3
	0.003520	9.3010	1.49632239	1.4950	2.2053	3.6722	2.0479	-0.743	1.100	0.607	-0.336	-0.907	-1.403	-2.118	-2.714	-2.786	3.22876096	3
	0.003520	9.3010	1.49669409	1.4953	2.2474	3.6693	1.9946	-0.848	1.054	0.533	-0.426	-1.005	-1.508	-2.233	-2.837	-2.911	3.22880268	3
	0.003520	9.3010	1.49703503	1.4955	2.2882	3.6665	1.9425	-0.951	1.022	0.466	-0.512	-1.101	-1.610	-2.344	-2.957	-3.031	3.22884107	3
	0.003520	9.3010	1.49736428	1.4958	2.3298	3.6635	1.8892	-1.055	0.991	0.399	-0.599	-1.197	-1.714	-2.458	-3.079	-3.155	3.22887826	3
	0.003520	9.3010	1.49766243	1.4960	2.3699	3.6607	1.8378	-1.155	0.962	0.335	-0.682	-1.290	-1.813	-2.568	-3.197	-3.274	3.22891164	3
	0.003520	9.3010	1.49794567	1.4961	2.4102	3.6578	1.7859	-1.255	0.938	0.272	-0.764	-1.382	-1.912	-2.677	-3.316	-3.394	3.22894359	3
	0.003520	9.3010	1.49820983	1.4963	2.4503	3.6549	1.7342	-1.356	0.915	0.211	-0.844	-1.473	-2.010	-2.786	-3.435	-3.514	3.22897315	3
	0.003520	9.3010	1.49845648	1.4964	2.4900	3.6520	1.6831	-1.455	0.894	0.151	-0.924	-1.563	-2.107	-2.894	-3.553	-3.633	3.22900081	3
	0.003520	9.3010	1.49868751	1.4965	2.5294	3.6491	1.6322	-1.553	0.874	0.092	-1.002	-1.652	-2.202	-3.001	-3.670	-3.751	3.22902679	3
	0.003520	9.3010	1.49890363	1.4966	2.5687	3.6462	1.5812	-1.652	0.859	0.035	-1.078	-1.740	-2.297	-3.108	-3.786	-3.869	3.22905111	3
	0.003520	9.3010	1.49910843	1.4966	2.6083	3.6432	1.5296	-1.751	0.846	-0.021	-1.155	-1.827	-2.393	-3.215	-3.904	-3.988	3.22907400	3
	0.003520	9.3010	1.49934125	1.4967	2.6562	3.6395	1.4671	-1.871	0.833	-0.088	-1.247	-1.933	-2.508	-3.345	-4.046	-4.132	3.22910023	3
	0.003520	9.3010	1.49955654	1.4966	2.7042	3.6358	1.4041	-1.991	0.827	-0.152	-1.336	-2.038	-2.623	-3.474	-4.188	-4.276	3.22912431	3
	0.003520	9.3010	1.49972045	1.4966	2.7434	3.6327	1.3526	-2.089	0.822	-0.205	-1.408	-2.123	-2.717	-3.580	-4.303	-4.393	3.22914267	3
	0.003520	9.3010	1.49990630	1.4965	2.7908	3.6290	1.2903	-2.207	0.818	-0.267	-1.495	-2.225	-2.829	-3.707	-4.443	-4.535	3.22916341	3
	0.003520	9.3010	1.50008059	1.4963	2.8384	3.6253	1.2279	-2.326	0.816	-0.328	-1.581	-2.327	-2.941	-3.834	-4.582	-4.678	3.22918296	3
	0.003520	9.3010	1.50021291	1.4962	2.8772	3.6222	1.1765	-2.423	0.818	-0.375	-1.649	-2.409	-3.032	-3.938	-4.697	-4.795	3.22919774	3
	0.003520	9.3010	1.50036120	1.4959	2.9236	3.6185	1.1153	-2.539	0.821	-0.431	-1.730	-2.506	-3.141	-4.062	-4.834	-4.934	3.22921443	3
	0.003520	9.3010	1.50050092	1.4956	2.9706	3.6148	1.0534	-2.657	0.826	-0.486	-1.810	-2.603	-3.249	-4.187	-4.972	-5.075	3.22923017	3
	0.003520	9.3010	1.50063205	1.4953	3.0178	3.6109	0.9907	-2.775	0.843	-0.537	-1.888	-2.700	-3.358	-4.313	-5.111	-5.217	3.22924471	3
	0.003520	9.3010	1.50075436	1.4949	3.0649	3.6070	0.9277	-2.892	0.901	-0.572	-1.961	-2.794	-3.468	-4.440	-5.248	-5.359	3.22925854	3
	0.003520	9.3010	1.50086594	1.4944	3.1109	3.6032	0.8664	-3.007	0.958	-0.606	-2.032	-2.885	-3.574	-4.563	-5.382	-5.497	3.22927094	3
	0.003520	9.3010	1.50097203	1.4938	3.1576	3.5994	0.8042	-3.124	1.017	-0.640	-2.105	-2.977	-3.681	-4.688	-5.517	-5.636	3.22928286	3
	0.003520	9.3010	1.50107193	1.4931	3.2043	3.5954	0.7416	-3.241	1.080	-0.670	-2.173	-3.066	-3.788	-4.813	-5.651	-5.776	3.22929406	3
	0.003520	9.3010	1.50116670	1.4923	3.2498	3.5915	0.6801	-3.355	1.146	-0.697	-2.239	-3.153	-3.890	-4.934	-5.783	-5.913	3.22930455	3
	0.003520	9.3010	1.50120938	1.4919	3.2700	3.5897	0.6526	-3.405	1.176	-0.708	-2.268	-3.191	-3.936	-4.988	-5.841	-5.974	3.22930932	4
	0.003520	9.3010	1.50120938	1.4919	1.8345	3.7125	2.5794	0.184	1.352	1.166	0.419	-0.052	-0.469	-1.046	-1.518	-1.576	3.22930932	4
	0.003520	9.3010	1.50192392	1.4926	1.8460	3.7112	2.5629	0.155	1.340	1.147	0.394	-0.079	-0.498	-1.080	-1.556	-1.614	3.22938919	4
	0.003520	9.3010	1.50259519	1.4933	1.8518	3.7107	2.5553	0.141	1.331	1.136	0.381	-0.093	-0.513	-1.096	-1.573	-1.632	3.22946405	4
	0.003520	9.3010	1.50326502	1.4940	1.8548	3.7107	2.5525	0.133	1.324	1.129	0.374	-0.100	-0.521	-1.104	-1.581	-1.640	3.22953868	4
	0.003520	9.3010	1.50395358	1.4947	1.8564	3.7110	2.5520	0.129	1.317	1.123	0.369	-0.105	-0.524	-1.107	-1.584	-1.642	3.22961545	4
	0.003520	9.3010	1.50464904	1.4954	1.8578	3.7113	2.5520	0.126	1.310	1.117	0.364	-0.108	-0.528	-1.109	-1.585	-1.644	3.22969294	4
	0.003520	9.3010	1.50535238	1.4961	1.8593	3.7115	2.5519	0.122	1.303	1.112	0.360	-0.112	-0.531	-1.112	-1.587	-1.646	3.22977114	4
	0.003520	9.3010	1.50603795	1.4968	1.8608	3.7118	2.5516	0.118	1.296	1.106	0.355	-0.116	-0.535	-1.115	-1.589	-1.647	3.22984719	4
	0.003520	9.3010	1.50670254	1.4975	1.8623	3.7121	2.5513	0.114	1.289	1.100	0.350	-0.121	-0.538	-1.117	-1.591	-1.650	3.22992086	4
	0.003520	9.3010	1.50740075	1.4982	1.8641	3.7123	2.5506	0.110	1.281	1.094	0.345	-0.125	-0.543	-1.121	-1.594	-1.652	3.22999835	4
	0.003520	9.3010	1.50814271	1.4990	1.8661	3.7125	2.5497	0.105	1.273	1.087	0.339	-0.131	-0.548	-1.125	-1.598	-1.656	3.23008037	4
	0.003520	9.3010	1.50891519	1.4998	1.8684	3.7127	2.5486	0.099	1.265	1.080	0.333	-0.136	-0.553	-1.130	-1.602	-1.660	3.23016596	4
	0.003520	9.3010	1.50963771	1.5005	1.8705	3.7129	2.5475	0.094	1.257	1.073	0.327	-0.142	-0.558	-1.135	-1.606	-1.664	3.23024559	4
	0.003520	9.3010	1.51034272	1.5012	1.8727	3.7131	2.5463	0.088	1.250	1.066	0.321	-0.147	-0.564	-1.139	-1.610	-1.668	3.23032355	4
	0.003520	9.3010	1.51106453	1.5020	1.8749	3.7133	2.5449	0.083	1.242	1.059	0.315	-0.153	-0.569	-1.144	-1.614	-1.672	3.23040295	4
	0.003520	9.3010	1.51177073	1.5027	1.8771	3.7134	2.5435	0.077	1.235	1.053	0.309	-0.159	-0.575	-1.149	-1.619	-1.677	3.23048067	4
	0.003520	9.3010	1.51214635	1.5031	1.8783	3.7135	2.5427	0.074	1.231	1.049	0.306	-0.162	-0.578	-1.152	-1.621	-1.679	3.23052216	4
	0.003520	9.3010	1.51253080	1.5035	1.8796	3.7136	2.5418	0.071	1.227	1.046	0.302	-0.165	-0.581	-1.155	-1.624	-1.682	3.23056436	4
	0.003520	9.3010	1.51328146	1.5043	1.8821	3.7137	2.5401	0.065	1.219	1.038	0.296	-0.172	-0.587	-1.161	-1.629	-1.687	3.23064685	4
	0.003520	9.3010	1.51405680	1.5051	1.8847	3.7138	2.5382	0.058	1.211	1.031	0.289	-0.178	-0.593	-1.167	-1.635	-1.693	3.23073196	4
	0.003520	9.3010	1.51480746	1.5058	1.8872	3.7139	2.5362	0.052	1.204	1.024	0.282	-0.185	-0.599	-1.173	-1.641	-1.699	3.23081422	4
	0.003520	9.3010	1.51551199	1.5066	1.8896	3.7140	2.5343	0.046	1.197	1.017	0.276	-0.191	-0.605	-1.178	-1.647	-1.704	3.23089123	4
	0.003520	9.3010	1.51625299	1.5073	1.8922	3.7140	2.5320	0.039	1.190	1.011	0.269	-0.197	-0.612	-1.185	-1.653	-1.711	3.23097229	4
	0.003520	9.3010	1.51697254	1.5081	1.8948	3.7140	2.5297	0.033	1.183	1.004	0.263	-0.204	-0.618	-1.191	-1.659	-1.717	3.23105097	4
	0.003520	9.3010	1.51772726	1.5088	1.8976	3.7140	2.5270	0.026	1.177	0.997	0.256	-0.211	-0.625	-1.198	-1.667	-1.724	3.23113322	4
	0.003520	9.3010	1.51779604	1.5089	1.8979	3.7140	2.5268	0.025	1.176	0.997	0.255	-0.211	-0.626	-1.199	-1.667	-1.725	3.23114085	4
	0.003520	9.3010	1.51858330	1.5097	1.9009	3.7139	2.5236	0.018	1.170	0.990	0.248	-0.219	-0.634	-1.207	-1.676	-1.733	3.23122668	4
	0.003520	9.3010	1.51941073	1.5106	1.9043	3.7138	2.5199	0.009	1.163	0.982	0.240	-0.227	-0.642	-1.216	-1.685	-1.743	3.23131657	4
	0.003520	9.3010	1.52025259	1.5114	1.9080	3.7135	2.5156	0.000	1.157	0.975	0.231	-0.236	-0.651	-1.226	-1.696	-1.753	3.23140812	4
	0.003520	9.3010	1.52111375	1.5123	1.9120	3.7132	2.5105	-0.010	1.151	0.967	0.222	-0.246	-0.662	-1.237	-1.708	-1.766	3.23150158	4
	0.003520	9.3010	1.52195871	1.5132	1.9163	3.7128	2.5049	-0.021	1.145	0.959	0.213	-0.256	-0.673	-1.250	-1.721	-1.779	3.23159337	4
	0.003520	9.3010	1.52282655	1.5141	1.9210	3.7124	2.4987	-0.032	1.139	0.951	0.203	-0.267	-0.685	-1.263	-1.736	-1.794	3.23168731	4
	0.003520	9.3010	1.52371216	1.5150	1.9271	3.7117	2.4900	-0.048	1.133	0.941	0.189	-0.282	-0.701	-1.281	-1.756	-1.815	3.23178315	4
	0.003520	9.3010	1.52460396	1.5159	1.9330	3.7113	2.4829	-0.063	1.124	0.929	0.176	-0.297	-0.716	-1.298	-1.774	-1.832	3.23187947	4
	0.003520	9.3010	1.52552330	1.5169	1.9414	3.7100	2.4695	-0.084	1.121	0.919	0.159	-0.316	-0.738	-1.324	-1.803	-1.862	3.23197865	4
	0.003520	9.3010	1.52643013	1.5178	1.9666	3.7066	2.4309	-0.147	1.110	0.884	0.108	-0.375	-0.803	-1.400	-1.889	-1.949	3.23207617	4
	0.003520	9.3010	1.52706337	1.5184	2.0108	3.7014	2.3660	-0.257	1.079	0.817	0.016	-0.480	-0.918	-1.531	-2.034	-2.096	3.23214436	4
	0.003520	9.3010	1.52727890	1.5187	2.0557	3.6967	2.3027	-0.369	1.042	0.745	-0.078	-0.585	-1.032	-1.660	-2.177	-2.240	3.23216748	4
	0.003520	9.3010	1.52735424	1.5187	2.1015	3.6924	2.2396	-0.484	1.000	0.670	-0.175	-0.693	-1.148	-1.791	-2.320	-2.385	3.23217559	4
	0.003520	9.3010	1.52738512	1.5188	2.1452	3.6885	2.1802	-0.593	0.958	0.598	-0.268	-0.795	-1.258	-1.914	-2.456	-2.522	3.23217893	5
	0.003520	9.3010	1.52738881	1.5188	2.1524	3.6878	2.1705	-0.611	0.952	0.586	-0.283	-0.812	-1.276	-1.935	-2.478	-2.544	3.23217940	7
	0.003520	9.3010	1.52738905	1.5188	2.1529	3.6878	2.1698	-0.612	0.952	0.585	-0.284	-0.813	-1.277	-1.936	-2.480	-2.546	3.23217940	7
	0.003520	9.3010	1.52740180	1.5188	2.1897	3.6847	2.1208	-0.704	0.916	0.523	-0.362	-0.898	-1.368	-2.039	-2.593	-2.660	3.23218083	7
	0.003520	9.3010	1.52741516	1.5188	2.2282	3.6815	2.0695	-0.801	0.878	0.458	-0.444	-0.987	-1.464	-2.146	-2.711	-2.779	3.23218226	7
	0.003520	9.3010	1.52742803	1.5188	2.2496	3.6798	2.0412	-0.854	0.856	0.422	-0.489	-1.037	-1.517	-2.206	-2.776	-2.845	3.23218369	7
	0.003520	9.3010	1.52744162	1.5188	2.2557	3.6794	2.0334	-0.869	0.850	0.412	-0.502	-1.051	-1.532	-2.222	-2.795	-2.863	3.23218513	7
	0.003520	9.3010	1.52747786	1.5188	2.2410	3.6807	2.0533	-0.832	0.862	0.435	-0.472	-1.017	-1.496	-2.181	-2.749	-2.817	3.23218894	7
	0.003520	9.3010	1.52751029	1.5189	2.2195	3.6825	2.0819	-0.779	0.883	0.471	-0.426	-0.968	-1.442	-2.121	-2.683	-2.751	3.23219252	7
	0.003520	9.3010	1.52763283	1.5190	2.2034	3.6838	2.1032	-0.739	0.900	0.499	-0.392	-0.930	-1.403	-2.077	-2.634	-2.701	3.23220563	7
	0.003520	9.3010	1.52803743	1.5194	2.2283	3.6817	2.0700	-0.801	0.876	0.457	-0.444	-0.988	-1.464	-2.146	-2.711	-2.778	3.23224902	7
	0.003520	9.3010	1.52827263	1.5196	2.2629	3.6787	2.0238	-0.887	0.844	0.400	-0.516	-1.068	-1.550	-2.242	-2.817	-2.885	3.23227429	7
	0.003520	9.3010	1.52851200	1.5198	2.3074	3.6750	1.9646	-0.998	0.811	0.330	-0.608	-1.171	-1.662	-2.366	-2.952	-3.022	3.23230004	7
	0.003520	9.3010	1.52872550	1.5200	2.3506	3.6715	1.9072	-1.107	0.783	0.263	-0.697	-1.271	-1.770	-2.486	-3.083	-3.154	3.23232293	7
	0.003520	9.3010	1.52891064	1.5201	2.3921	3.6681	1.8523	-1.210	0.758	0.199	-0.782	-1.367	-1.873	-2.601	-3.208	-3.281	3.23234272	7
	0.003520	9.3010	1.52907240	1.5203	2.4330	3.6648	1.7982	-1.312	0.737	0.138	-0.864	-1.461	-1.975	-2.714	-3.330	-3.404	3.23236012	7
	0.003520	9.3010	1.52921665	1.5204	2.4736	3.6615	1.7445	-1.414	0.718	0.078	-0.946	-1.553	-2.075	-2.827	-3.452	-3.528	3.23237562	7
	0.003520	9.3010	1.52934492	1.5205	2.5137	3.6582	1.6911	-1.514	0.702	0.020	-1.026	-1.644	-2.174	-2.937	-3.574	-3.650	3.23238945	7
	0.003520	9.3010	1.52946103	1.5205	2.5542	3.6549	1.6373	-1.615	0.689	-0.037	-1.104	-1.734	-2.272	-3.048	-3.696	-3.774	3.23240185	7
	0.003520	9.3010	1.52956367	1.5206	2.5938	3.6516	1.5846	-1.715	0.677	-0.092	-1.181	-1.823	-2.368	-3.157	-3.816	-3.896	3.23241282	7
	0.003520	9.3010	1.52965808	1.5206	2.6339	3.6483	1.5313	-1.815	0.667	-0.147	-1.257	-1.911	-2.465	-3.267	-3.937	-4.018	3.23242283	7
	0.003520	9.3010	1.52974606	1.5207	2.6748	3.6449	1.4768	-1.917	0.661	-0.201	-1.334	-2.001	-2.563	-3.379	-4.060	-4.143	3.23243237	7
	0.003520	9.3010	1.52982855	1.5207	2.7164	3.6414	1.4212	-2.021	0.658	-0.256	-1.412	-2.092	-2.663	-3.492	-4.186	-4.270	3.23244119	7
	0.003520	9.3010	1.52990282	1.5207	2.7558	3.6381	1.3686	-2.119	0.657	-0.307	-1.484	-2.177	-2.756	-3.599	-4.304	-4.390	3.23244905	7
	0.003520	9.3010	1.52997303	1.5207	2.7937	3.6349	1.3177	-2.214	0.660	-0.354	-1.552	-2.258	-2.847	-3.702	-4.417	-4.505	3.23245668	7
	0.003520	9.3010	1.53004289	1.5207	2.8319	3.6316	1.2665	-2.310	0.663	-0.401	-1.620	-2.340	-2.937	-3.805	-4.531	-4.622	3.23246408	7
	0.003520	9.3010	1.53011203	1.5206	2.8697	3.6284	1.2158	-2.404	0.668	-0.446	-1.687	-2.420	-3.026	-3.907	-4.644	-4.737	3.23247147	7
	0.003520	9.3010	1.53018153	1.5206	2.9085	3.6251	1.1637	-2.501	0.674	-0.491	-1.753	-2.501	-3.117	-4.011	-4.759	-4.855	3.23247910	7
	0.003520	9.3010	1.53024948	1.5205	2.9510	3.6214	1.1066	-2.607	0.683	-0.540	-1.826	-2.590	-3.216	-4.125	-4.886	-4.984	3.23248625	7
	0.003520	9.3010	1.53030837	1.5204	3.0007	3.6171	1.0396	-2.732	0.698	-0.593	-1.908	-2.691	-3.330	-4.258	-5.035	-5.136	3.23249245	7
	0.003520	9.3010	1.53034842	1.5203	3.0480	3.6129	0.9757	-2.850	0.731	-0.637	-1.983	-2.787	-3.439	-4.386	-5.175	-5.280	3.23249674	7
	0.003520	9.3010	1.53037930	1.5203	3.0910	3.6092	0.9176	-2.958	0.787	-0.668	-2.050	-2.873	-3.539	-4.502	-5.302	-5.410	3.23250008	7
	0.003520	9.3010	1.53040898	1.5202	3.1377	3.6051	0.8544	-3.074	0.854	-0.698	-2.119	-2.964	-3.646	-4.628	-5.439	-5.552	3.23250341	7
	0.003520	9.3010	1.53043580	1.5201	3.1817	3.6012	0.7948	-3.184	0.919	-0.726	-2.185	-3.050	-3.747	-4.746	-5.568	-5.685	3.23250628	7
	0.003520	9.3010	1.53046083	1.5199	3.2240	3.5974	0.7373	-3.290	0.983	-0.750	-2.245	-3.130	-3.843	-4.860	-5.691	-5.814	3.23250890	7
	0.003520	9.3010	1.53048193	1.5198	3.2475	3.5952	0.7053	-3.349	1.019	-0.762	-2.278	-3.174	-3.896	-4.922	-5.759	-5.885	3.23251104	7
	0.003520	9.3010	1.53048563	1.5198	3.3203	3.5885	0.6053	-3.531	1.142	-0.796	-2.377	-3.308	-4.058	-5.117	-5.971	-6.106	3.23251152	7
	0.003520	9.3010	1.53048790	1.5198	3.3524	3.5854	0.5611	-3.611	1.202	-0.807	-2.417	-3.365	-4.129	-5.202	-6.065	-6.204	3.23251176	7
	0.003520	9.3010	1.53049016	1.5197	3.3799	3.5828	0.5231	-3.680	1.256	-0.815	-2.452	-3.414	-4.189	-5.274	-6.145	-6.288	3.23251200	7
	0.003520	9.3010	1.53049421	1.5197	3.4156	3.5793	0.4733	-3.769	1.313	-0.828	-2.494	-3.474	-4.267	-5.369	-6.249	-6.397	3.23251247	7
	0.003520	9.3010	1.53049982	1.5196	3.4438	3.5766	0.4342	-3.840	1.345	-0.837	-2.522	-3.515	-4.328	-5.444	-6.331	-6.484	3.23251295	7
	0.003520	9.3010	1.53050292	1.5196	3.4574	3.5753	0.4154	-3.873	1.361	-0.842	-2.536	-3.535	-4.358	-5.480	-6.370	-6.525	3.23251343	7
	0.003520	9.3010	1.53050363	1.5196	3.4578	3.5752	0.4146	-3.875	1.362	-0.842	-2.536	-3.536	-4.359	-5.481	-6.372	-6.527	3.23251343	8
