# File generated by CMD 2.7 (http://stev.oapd.inaf.it/cmd) on Sun Dec 20 01:18:08 CET 2015
# PARSEC isochrones, release v1.2S
# Basic references: Bressan et al. (2012), MNRAS, 427, 127 + Chen et al. (2014), MNRAS, 444, 2525 + Tang et al. (2014), MNRAS, 445, 4287 + Chen et al. (2015), MNRAS accepted
# Warning: the TP-AGB phase is not included! TP-AGB tracks are in preparation by Marigo et al.
# Photometric system: <i>UBVRIJHK</i> (cf. Maiz-Apellaniz 2006 + Bessell 1990)
# Using NBC version of bolometric corrections as in Chen et al. (2014), MNRAS, 444, 2525
# BCs of Carbon stars derive from Aringer et al. (2009, A&A 503, 913)
# O-rich circumstellar dust ignored
# C-rich circumstellar dust ignored
# IMF: Chabrier (2001) lognormal 
# On RGB, assumed Reimers mass loss with efficiency eta=0.2
# Kind of output: isochrone tables
#	Isochrone  Z = 0.01900	Y = 0.28242	[M/H] = 0.119	eta_R = 0.200	Age = 	2.0000e+09 yr
	Z	log(age/yr)	M_ini	M_act	logL/Lo	logTe	logG	mbol	U	B	V	R	I	J	H	K	int_IMF	stage
	0.019000	9.3010	0.09000000	0.0900	-3.4332	3.3559	5.2011	13.353	26.042	22.399	20.340	17.452	14.725	11.148	10.560	10.222	1.46765435	0
	0.019000	9.3010	0.10000000	0.1000	-3.2611	3.3797	5.1698	12.923	24.174	21.000	19.048	16.469	13.948	10.774	10.184	9.847	1.57040203	0
	0.019000	9.3010	0.10180652	0.1018	-3.2365	3.3828	5.1654	12.861	23.924	20.811	18.874	16.335	13.841	10.720	10.130	9.792	1.58790421	1
	0.019000	9.3010	0.12000000	0.1200	-3.0083	3.4116	5.1239	12.291	21.626	19.073	17.259	15.092	12.848	10.218	9.626	9.290	1.74782515	1
	0.019000	9.3010	0.14000000	0.1400	-2.8214	3.4333	5.0907	11.824	19.900	17.745	16.023	14.129	12.067	9.801	9.208	8.876	1.89584959	1
	0.019000	9.3010	0.16000000	0.1600	-2.6781	3.4477	5.0628	11.465	18.838	16.885	15.227	13.485	11.534	9.475	8.880	8.554	2.02115250	1
	0.019000	9.3010	0.20000000	0.2000	-2.4636	3.4664	5.0203	10.929	17.469	15.749	14.153	12.594	10.802	8.983	8.385	8.072	2.22178221	1
	0.019000	9.3010	0.22309940	0.2231	-2.3645	3.4744	5.0007	10.681	16.905	15.269	13.698	12.210	10.484	8.754	8.154	7.847	2.31504822	1
	0.019000	9.3010	0.25000000	0.2500	-2.2610	3.4828	4.9802	10.423	16.347	14.786	13.235	11.814	10.159	8.515	7.913	7.614	2.40809011	1
	0.019000	9.3010	0.30000001	0.3000	-2.1016	3.4949	4.9483	10.024	15.565	14.093	12.568	11.232	9.679	8.146	7.539	7.253	2.54750419	1
	0.019000	9.3010	0.33499476	0.3350	-1.9862	3.5012	4.9059	9.736	15.084	13.662	12.160	10.864	9.356	7.871	7.261	6.981	2.62580752	1
	0.019000	9.3010	0.34999999	0.3500	-1.9441	3.5040	4.8942	9.630	14.904	13.498	12.003	10.725	9.236	7.772	7.160	6.884	2.65552020	0
	0.019000	9.3010	0.40000001	0.4000	-1.8007	3.5153	4.8539	9.272	14.271	12.918	11.451	10.235	8.823	7.441	6.820	6.556	2.74133730	0
	0.019000	9.3010	0.44999999	0.4500	-1.6541	3.5274	4.8071	8.905	13.656	12.339	10.901	9.743	8.409	7.104	6.471	6.221	2.81098008	0
	0.019000	9.3010	0.48243573	0.4824	-1.5548	3.5364	4.7739	8.657	13.255	11.950	10.532	9.412	8.130	6.878	6.236	5.995	2.84944820	1
	0.019000	9.3010	0.50000000	0.5000	-1.5038	3.5411	4.7571	8.530	13.055	11.753	10.344	9.244	7.988	6.762	6.115	5.879	2.86847806	1
	0.019000	9.3010	0.55000001	0.5500	-1.3464	3.5585	4.7108	8.136	12.434	11.119	9.731	8.691	7.546	6.414	5.751	5.534	2.91663504	1
	0.019000	9.3010	0.60000002	0.6000	-1.1865	3.5805	4.6766	7.736	11.798	10.440	9.065	8.087	7.099	6.076	5.394	5.204	2.95739889	1
	0.019000	9.3010	0.64999998	0.6500	-1.0256	3.6069	4.6563	7.334	11.139	9.726	8.397	7.481	6.661	5.740	5.048	4.898	2.99236870	1
	0.019000	9.3010	0.69999999	0.7000	-0.8702	3.6351	4.6454	6.945	10.405	8.990	7.750	6.905	6.250	5.419	4.747	4.638	3.02253795	1
	0.019000	9.3010	0.75000000	0.7500	-0.7181	3.6658	4.6463	6.565	9.384	8.201	7.101	6.365	5.849	5.127	4.531	4.448	3.04879928	1
	0.019000	9.3010	0.80000001	0.8000	-0.5853	3.6858	4.6217	6.233	8.596	7.627	6.622	5.970	5.509	4.857	4.327	4.254	3.07187057	1
	0.019000	9.3010	0.82328922	0.8233	-0.5249	3.6949	4.6099	6.082	8.256	7.380	6.416	5.798	5.357	4.736	4.233	4.164	3.08166552	1
	0.019000	9.3010	0.88421923	0.8842	-0.3736	3.7174	4.5798	5.704	7.437	6.792	5.921	5.382	4.985	4.439	4.000	3.940	3.10479379	1
	0.019000	9.3010	0.92676550	0.9267	-0.2715	3.7317	4.5552	5.449	6.931	6.423	5.608	5.112	4.739	4.237	3.837	3.783	3.11909819	1
	0.019000	9.3010	0.93421930	0.9341	-0.2540	3.7341	4.5509	5.405	6.847	6.360	5.556	5.067	4.698	4.203	3.809	3.756	3.12146688	1
	0.019000	9.3010	0.93445617	0.9344	-0.2535	3.7342	4.5508	5.404	6.844	6.358	5.554	5.065	4.696	4.202	3.809	3.755	3.12154150	1
	0.019000	9.3010	0.98421925	0.9841	-0.1381	3.7492	4.5179	5.115	6.316	5.960	5.218	4.770	4.425	3.976	3.619	3.572	3.13640642	1
	0.019000	9.3010	1.00125444	1.0012	-0.0993	3.7539	4.5052	5.018	6.153	5.833	5.109	4.672	4.335	3.898	3.553	3.507	3.14114738	1
	0.019000	9.3010	1.03421926	1.0341	-0.0254	3.7626	4.4804	4.833	5.851	5.593	4.903	4.487	4.163	3.751	3.425	3.382	3.14985085	1
	0.019000	9.3010	1.06086743	1.0607	0.0330	3.7689	4.4583	4.687	5.626	5.408	4.743	4.342	4.028	3.633	3.321	3.281	3.15646052	1
	0.019000	9.3010	1.09509993	1.0950	0.1066	3.7767	4.4297	4.504	5.344	5.175	4.544	4.163	3.862	3.489	3.193	3.156	3.16444278	1
	0.019000	9.3010	1.11843848	1.1183	0.1558	3.7818	4.4099	4.380	5.153	5.019	4.413	4.046	3.753	3.393	3.108	3.073	3.16958284	1
	0.019000	9.3010	1.12725961	1.1271	0.1746	3.7836	4.4016	4.333	5.079	4.960	4.364	4.003	3.713	3.357	3.074	3.041	3.17146587	1
	0.019000	9.3010	1.16843855	1.1683	0.2614	3.7917	4.3629	4.116	4.748	4.691	4.137	3.803	3.526	3.188	2.919	2.892	3.17985058	1
	0.019000	9.3010	1.19128072	1.1911	0.3079	3.7959	4.3415	4.000	4.584	4.550	4.017	3.694	3.424	3.095	2.834	2.809	3.18423200	1
	0.019000	9.3010	1.21794224	1.2177	0.3611	3.8003	4.3158	3.867	4.402	4.391	3.879	3.568	3.306	2.987	2.734	2.711	3.18912220	1
	0.019000	9.3010	1.21843851	1.2182	0.3620	3.8004	4.3153	3.865	4.399	4.388	3.876	3.566	3.303	2.985	2.732	2.709	3.18921113	1
	0.019000	9.3010	1.22175705	1.2216	0.3685	3.8009	4.3121	3.849	4.379	4.369	3.859	3.550	3.289	2.971	2.719	2.697	3.18980312	1
	0.019000	9.3010	1.26843858	1.2682	0.4569	3.8074	4.2657	3.628	4.115	4.116	3.631	3.335	3.084	2.782	2.544	2.523	3.19777656	1
	0.019000	9.3010	1.26977611	1.2695	0.4593	3.8075	4.2644	3.622	4.108	4.109	3.625	3.329	3.079	2.777	2.539	2.518	3.19799566	1
	0.019000	9.3010	1.35265779	1.3524	0.6015	3.8153	4.1808	3.266	3.709	3.714	3.261	2.981	2.744	2.461	2.240	2.220	3.21061015	1
	0.019000	9.3010	1.38466263	1.3844	0.6546	3.8175	4.1467	3.134	3.565	3.569	3.126	2.851	2.617	2.340	2.123	2.104	3.21502471	1
	0.019000	9.3010	1.40265787	1.4024	0.6839	3.8186	4.1272	3.060	3.487	3.490	3.051	2.778	2.547	2.272	2.058	2.038	3.21740675	1
	0.019000	9.3010	1.42468405	1.4244	0.7198	3.8195	4.1017	2.971	3.393	3.395	2.960	2.690	2.459	2.187	1.975	1.955	3.22022939	1
	0.019000	9.3010	1.45265782	1.4524	0.7648	3.8201	4.0677	2.858	3.279	3.278	2.846	2.577	2.348	2.077	1.867	1.848	3.22367454	1
	0.019000	9.3010	1.48031330	1.4800	0.8076	3.8199	4.0325	2.751	3.174	3.170	2.738	2.470	2.241	1.969	1.760	1.740	3.22693563	1
	0.019000	9.3010	1.50265777	1.5024	0.8418	3.8193	4.0024	2.666	3.094	3.086	2.652	2.383	2.154	1.881	1.670	1.650	3.22947097	1
	0.019000	9.3010	1.52231944	1.5221	0.8707	3.8186	3.9763	2.593	3.027	3.015	2.580	2.310	2.080	1.805	1.594	1.573	3.23163247	1
	0.019000	9.3010	1.55156732	1.5513	0.9130	3.8162	3.9327	2.488	2.937	2.918	2.475	2.201	1.967	1.687	1.471	1.450	3.23473263	1
	0.019000	9.3010	1.57977092	1.5796	0.9528	3.8130	3.8877	2.388	2.857	2.831	2.377	2.097	1.859	1.571	1.349	1.327	3.23759913	1
	0.019000	9.3010	1.58687711	1.5867	0.9626	3.8120	3.8758	2.363	2.839	2.811	2.353	2.071	1.832	1.541	1.318	1.295	3.23830318	1
	0.019000	9.3010	1.60583448	1.6057	0.9909	3.8091	3.8411	2.293	2.787	2.752	2.285	1.997	1.753	1.455	1.227	1.203	3.24014521	1
	0.019000	9.3010	1.61976743	1.6196	1.0113	3.8064	3.8139	2.242	2.755	2.713	2.236	1.944	1.695	1.391	1.157	1.133	3.24146628	1
	0.019000	9.3010	1.61993206	1.6198	1.0115	3.8064	3.8135	2.241	2.755	2.713	2.236	1.943	1.695	1.390	1.156	1.132	3.24148178	1
	0.019000	9.3010	1.63672721	1.6366	1.0336	3.8016	3.7767	2.186	2.734	2.680	2.185	1.883	1.627	1.311	1.067	1.042	3.24303865	1
	0.019000	9.3010	1.65265787	1.6525	1.0537	3.7967	3.7414	2.136	2.730	2.657	2.140	1.827	1.563	1.235	0.982	0.955	3.24448037	1
	0.019000	9.3010	1.66643715	1.6663	1.0706	3.7922	3.7101	2.093	2.736	2.641	2.103	1.778	1.506	1.168	0.907	0.878	3.24570107	1
	0.019000	9.3010	1.68300259	1.6829	1.0964	3.7876	3.6700	2.029	2.727	2.606	2.044	1.706	1.427	1.077	0.808	0.776	3.24713707	1
	0.019000	9.3010	1.68554831	1.6855	1.1015	3.7871	3.6636	2.016	2.721	2.596	2.032	1.693	1.412	1.062	0.792	0.759	3.24735498	1
	0.019000	9.3010	1.68831825	1.6882	1.1068	3.7866	3.6570	2.003	2.714	2.586	2.019	1.679	1.397	1.046	0.775	0.742	3.24759078	1
	0.019000	9.3010	1.69524789	1.6952	1.1467	3.7912	3.6373	1.903	2.559	2.455	1.913	1.586	1.313	0.972	0.710	0.680	3.24817729	1
	0.019000	9.3010	1.69704843	1.6970	1.1819	3.7978	3.6291	1.815	2.404	2.325	1.816	1.507	1.245	0.920	0.671	0.644	3.24832869	1
	0.019000	9.3010	1.69767702	1.6976	1.2157	3.8046	3.6224	1.731	2.267	2.202	1.722	1.429	1.179	0.870	0.635	0.610	3.24838138	1
	0.019000	9.3010	1.69795740	1.6979	1.2506	3.8113	3.6145	1.643	2.137	2.080	1.627	1.347	1.109	0.817	0.596	0.572	3.24840498	1
	0.019000	9.3010	1.69813132	1.6981	1.2798	3.8173	3.6093	1.570	2.032	1.978	1.548	1.280	1.052	0.775	0.567	0.543	3.24841952	2
	0.019000	9.3010	1.69815838	1.6981	1.2719	3.8165	3.6140	1.590	2.055	2.002	1.568	1.299	1.070	0.790	0.581	0.557	3.24842191	2
	0.019000	9.3010	1.69822216	1.6981	1.2417	3.8124	3.6279	1.666	2.152	2.098	1.649	1.371	1.135	0.845	0.627	0.602	3.24842715	2
	0.019000	9.3010	1.69831789	1.6982	1.2179	3.8042	3.6187	1.725	2.264	2.199	1.717	1.423	1.172	0.863	0.627	0.601	3.24843526	2
	0.019000	9.3010	1.69848502	1.6984	1.2182	3.7934	3.5752	1.724	2.360	2.260	1.730	1.409	1.141	0.805	0.548	0.518	3.24844933	2
	0.019000	9.3010	1.69877648	1.6987	1.2212	3.7820	3.5271	1.717	2.487	2.328	1.738	1.386	1.097	0.734	0.456	0.420	3.24847364	2
	0.019000	9.3010	1.69923115	1.6992	1.2105	3.7706	3.4920	1.744	2.630	2.431	1.789	1.408	1.097	0.702	0.397	0.356	3.24851179	2
	0.019000	9.3010	1.69970691	1.6996	1.1907	3.7616	3.4759	1.793	2.772	2.536	1.859	1.458	1.133	0.712	0.385	0.343	3.24855161	2
	0.019000	9.3010	1.70018160	1.7001	1.1657	3.7536	3.4691	1.856	2.923	2.648	1.940	1.523	1.184	0.742	0.395	0.350	3.24859142	2
	0.019000	9.3010	1.70065486	1.7006	1.1362	3.7459	3.4681	1.930	3.090	2.772	2.035	1.600	1.249	0.784	0.418	0.371	3.24863076	2
	0.019000	9.3010	1.70112681	1.7011	1.1043	3.7383	3.4698	2.009	3.270	2.904	2.137	1.684	1.321	0.832	0.446	0.398	3.24867034	2
	0.019000	9.3010	1.70159757	1.7015	1.0751	3.7309	3.4693	2.082	3.448	3.031	2.234	1.763	1.388	0.876	0.470	0.419	3.24870968	2
	0.019000	9.3010	1.70225453	1.7022	1.0515	3.7210	3.4537	2.141	3.657	3.163	2.327	1.833	1.441	0.897	0.465	0.411	3.24876451	2
	0.019000	9.3010	1.70290887	1.7028	1.0553	3.7125	3.4158	2.132	3.790	3.222	2.352	1.835	1.428	0.856	0.399	0.342	3.24881887	3
	0.019000	9.3010	1.70343721	1.7034	1.0858	3.7070	3.3634	2.056	3.809	3.193	2.299	1.767	1.350	0.759	0.288	0.228	3.24886298	3
	0.019000	9.3010	1.70396471	1.7039	1.1285	3.7023	3.3022	1.949	3.785	3.128	2.213	1.668	1.243	0.636	0.151	0.090	3.24890685	3
	0.019000	9.3010	1.70438313	1.7043	1.1690	3.6991	3.2490	1.847	3.741	3.056	2.126	1.573	1.141	0.523	0.030	-0.033	3.24894166	3
	0.019000	9.3010	1.70478380	1.7047	1.2112	3.6964	3.1958	1.742	3.688	2.977	2.034	1.473	1.036	0.408	-0.094	-0.157	3.24897504	3
	0.019000	9.3010	1.70517254	1.7051	1.2542	3.6937	3.1425	1.635	3.629	2.895	1.939	1.371	0.929	0.292	-0.218	-0.282	3.24900723	3
	0.019000	9.3010	1.70564544	1.7056	1.3083	3.6906	3.0760	1.499	3.552	2.790	1.819	1.243	0.794	0.146	-0.373	-0.438	3.24904656	3
	0.019000	9.3010	1.70602012	1.7059	1.3519	3.6881	3.0226	1.390	3.491	2.706	1.723	1.140	0.686	0.028	-0.497	-0.564	3.24907756	3
	0.019000	9.3010	1.70639336	1.7063	1.3951	3.6857	2.9698	1.282	3.431	2.623	1.628	1.038	0.579	-0.087	-0.620	-0.688	3.24910855	3
	0.019000	9.3010	1.70685935	1.7068	1.4478	3.6828	2.9056	1.151	3.356	2.520	1.511	0.914	0.449	-0.229	-0.769	-0.839	3.24914718	3
	0.019000	9.3010	1.70740855	1.7073	1.5103	3.6793	2.8292	0.994	3.270	2.399	1.374	0.767	0.295	-0.396	-0.947	-1.019	3.24919271	3
	0.019000	9.3010	1.70781171	1.7077	1.5571	3.6766	2.7716	0.877	3.210	2.311	1.273	0.658	0.180	-0.521	-1.081	-1.154	3.24922609	3
	0.019000	9.3010	1.70829797	1.7082	1.6143	3.6732	2.7009	0.734	3.138	2.204	1.151	0.526	0.040	-0.675	-1.244	-1.320	3.24926615	3
	0.019000	9.3010	1.70870638	1.7086	1.6635	3.6701	2.6397	0.611	3.078	2.113	1.046	0.412	-0.081	-0.807	-1.386	-1.463	3.24930000	3
	0.019000	9.3010	1.70905507	1.7090	1.7066	3.6675	2.5860	0.504	3.029	2.035	0.955	0.313	-0.186	-0.922	-1.509	-1.588	3.24932885	3
	0.019000	9.3010	1.70944953	1.7094	1.7559	3.6643	2.5241	0.380	2.976	1.948	0.852	0.201	-0.306	-1.054	-1.651	-1.732	3.24936128	3
	0.019000	9.3010	1.70982647	1.7098	1.8044	3.6611	2.4629	0.259	2.935	1.866	0.752	0.090	-0.425	-1.185	-1.791	-1.874	3.24939251	3
	0.019000	9.3010	1.71016288	1.7101	1.8479	3.6582	2.4081	0.150	2.907	1.797	0.663	-0.009	-0.531	-1.303	-1.917	-2.002	3.24942017	3
	0.019000	9.3010	1.71051228	1.7104	1.8911	3.6553	2.3534	0.042	2.882	1.730	0.577	-0.107	-0.636	-1.420	-2.042	-2.129	3.24944901	3
	0.019000	9.3010	1.71088910	1.7108	1.9364	3.6523	2.2958	-0.071	2.858	1.660	0.486	-0.208	-0.747	-1.542	-2.173	-2.262	3.24948001	3
	0.019000	9.3010	1.71133173	1.7112	1.9833	3.6490	2.2361	-0.188	2.834	1.589	0.393	-0.313	-0.861	-1.669	-2.309	-2.400	3.24951649	3
	0.019000	9.3010	1.71172953	1.7116	2.0079	3.6473	2.2049	-0.250	2.824	1.553	0.346	-0.367	-0.920	-1.735	-2.380	-2.472	3.24954939	3
	0.019000	9.3010	1.71211874	1.7120	1.9729	3.6499	2.2503	-0.162	2.834	1.602	0.412	-0.291	-0.836	-1.640	-2.278	-2.369	3.24958134	3
	0.019000	9.3010	1.71231711	1.7122	1.9291	3.6531	2.3067	-0.053	2.854	1.668	0.499	-0.193	-0.729	-1.521	-2.150	-2.239	3.24959755	3
	0.019000	9.3010	1.71245575	1.7124	1.8850	3.6562	2.3634	0.058	2.874	1.734	0.586	-0.094	-0.622	-1.402	-2.022	-2.108	3.24960899	3
	0.019000	9.3010	1.71258628	1.7125	1.8383	3.6594	2.4230	0.174	2.899	1.805	0.679	0.010	-0.508	-1.276	-1.886	-1.970	3.24961972	3
	0.019000	9.3010	1.71270680	1.7126	1.7953	3.6624	2.4780	0.282	2.925	1.873	0.766	0.108	-0.403	-1.159	-1.761	-1.843	3.24962974	3
	0.019000	9.3010	1.71285713	1.7128	1.7457	3.6658	2.5411	0.406	2.968	1.957	0.868	0.221	-0.282	-1.025	-1.617	-1.697	3.24964213	3
	0.019000	9.3010	1.71304500	1.7130	1.6953	3.6692	2.6052	0.532	3.019	2.044	0.972	0.335	-0.160	-0.889	-1.471	-1.549	3.24965739	3
	0.019000	9.3010	1.71312022	1.7130	1.6821	3.6701	2.6220	0.565	3.032	2.067	0.999	0.366	-0.127	-0.854	-1.433	-1.510	3.24966359	3
	0.019000	9.3010	1.71332479	1.7132	1.7087	3.6684	2.5887	0.498	3.002	2.019	0.943	0.305	-0.192	-0.925	-1.509	-1.587	3.24968052	3
	0.019000	9.3010	1.71376467	1.7137	1.7604	3.6650	2.5234	0.369	2.949	1.929	0.837	0.187	-0.318	-1.064	-1.658	-1.739	3.24971652	3
	0.019000	9.3010	1.71423090	1.7141	1.8051	3.6620	2.4671	0.257	2.910	1.853	0.744	0.085	-0.427	-1.185	-1.787	-1.870	3.24975491	3
	0.019000	9.3010	1.71472871	1.7146	1.8512	3.6590	2.4089	0.142	2.880	1.780	0.650	-0.020	-0.540	-1.309	-1.921	-2.005	3.24979568	3
	0.019000	9.3010	1.71519971	1.7151	1.8941	3.6561	2.3546	0.035	2.856	1.713	0.564	-0.117	-0.645	-1.425	-2.045	-2.131	3.24983430	3
	0.019000	9.3010	1.71567619	1.7156	1.9375	3.6532	2.2995	-0.074	2.832	1.646	0.477	-0.215	-0.751	-1.542	-2.171	-2.259	3.24987316	3
	0.019000	9.3010	1.71614993	1.7160	1.9813	3.6501	2.2438	-0.183	2.809	1.579	0.389	-0.313	-0.857	-1.661	-2.298	-2.388	3.24991202	3
	0.019000	9.3010	1.71659744	1.7165	2.0235	3.6472	2.1899	-0.289	2.792	1.517	0.308	-0.406	-0.959	-1.774	-2.420	-2.512	3.24994850	3
	0.019000	9.3010	1.71702957	1.7169	2.0655	3.6442	2.1362	-0.394	2.776	1.456	0.227	-0.499	-1.061	-1.887	-2.541	-2.637	3.24998379	3
	0.019000	9.3010	1.71743464	1.7173	2.1064	3.6413	2.0838	-0.496	2.762	1.398	0.149	-0.588	-1.159	-1.997	-2.660	-2.757	3.25001693	3
	0.019000	9.3010	1.71782339	1.7177	2.1472	3.6384	2.0315	-0.598	2.749	1.340	0.072	-0.677	-1.257	-2.107	-2.778	-2.878	3.25004864	3
	0.019000	9.3010	1.71819341	1.7181	2.1877	3.6355	1.9792	-0.699	2.743	1.286	-0.003	-0.763	-1.354	-2.216	-2.896	-2.998	3.25007892	3
	0.019000	9.3010	1.71853399	1.7184	2.2267	3.6327	1.9291	-0.797	2.742	1.235	-0.074	-0.846	-1.448	-2.321	-3.008	-3.113	3.25010657	3
	0.019000	9.3010	1.71886230	1.7187	2.2662	3.6298	1.8782	-0.895	2.742	1.184	-0.147	-0.930	-1.542	-2.428	-3.122	-3.229	3.25013328	3
	0.019000	9.3010	1.71916878	1.7190	2.3050	3.6269	1.8279	-0.993	2.745	1.137	-0.215	-1.010	-1.634	-2.532	-3.235	-3.344	3.25015831	3
	0.019000	9.3010	1.71945727	1.7193	2.3435	3.6240	1.7779	-1.089	2.748	1.090	-0.282	-1.088	-1.726	-2.635	-3.346	-3.458	3.25018191	3
	0.019000	9.3010	1.71972656	1.7196	2.3814	3.6212	1.7288	-1.183	2.751	1.044	-0.349	-1.167	-1.816	-2.737	-3.455	-3.570	3.25020385	3
	0.019000	9.3010	1.71997619	1.7198	2.4182	3.6184	1.6808	-1.276	2.753	1.001	-0.412	-1.240	-1.903	-2.835	-3.561	-3.680	3.25022411	3
	0.019000	9.3010	1.72021401	1.7200	2.4554	3.6155	1.6324	-1.368	2.757	0.958	-0.473	-1.312	-1.991	-2.935	-3.668	-3.790	3.25024343	3
	0.019000	9.3010	1.72043407	1.7203	2.4917	3.6127	1.5848	-1.459	2.761	0.917	-0.533	-1.383	-2.076	-3.032	-3.773	-3.898	3.25026131	3
	0.019000	9.3010	1.72064078	1.7204	2.5277	3.6099	1.5376	-1.549	2.767	0.878	-0.592	-1.453	-2.160	-3.129	-3.876	-4.005	3.25027800	3
	0.019000	9.3010	1.72083688	1.7206	2.5635	3.6071	1.4905	-1.639	2.767	0.838	-0.646	-1.516	-2.244	-3.225	-3.980	-4.112	3.25029397	3
	0.019000	9.3010	1.72101533	1.7208	2.5981	3.6043	1.4449	-1.725	2.762	0.797	-0.698	-1.576	-2.324	-3.318	-4.080	-4.215	3.25030851	3
	0.019000	9.3010	1.72118187	1.7209	2.6321	3.6016	1.4000	-1.810	2.758	0.758	-0.750	-1.636	-2.403	-3.409	-4.179	-4.317	3.25032210	3
	0.019000	9.3010	1.72134089	1.7211	2.6662	3.5988	1.3549	-1.895	2.753	0.719	-0.799	-1.692	-2.482	-3.500	-4.277	-4.420	3.25033498	3
	0.019000	9.3010	1.72148669	1.7212	2.6991	3.5961	1.3111	-1.978	2.748	0.683	-0.843	-1.742	-2.558	-3.588	-4.373	-4.519	3.25034690	3
	0.019000	9.3010	1.72162592	1.7213	2.7322	3.5933	1.2668	-2.060	2.745	0.649	-0.886	-1.791	-2.634	-3.677	-4.469	-4.619	3.25035810	3
	0.019000	9.3010	1.72175419	1.7215	2.7640	3.5905	1.2240	-2.140	2.745	0.617	-0.927	-1.839	-2.707	-3.763	-4.562	-4.716	3.25036860	3
	0.019000	9.3010	1.72187376	1.7216	2.7951	3.5878	1.1821	-2.218	2.741	0.587	-0.961	-1.877	-2.777	-3.847	-4.653	-4.810	3.25037813	3
	0.019000	9.3010	1.72198915	1.7216	2.8268	3.5851	1.1394	-2.297	2.737	0.557	-0.994	-1.915	-2.849	-3.933	-4.745	-4.907	3.25038767	3
	0.019000	9.3010	1.72211874	1.7217	2.8640	3.5819	1.0895	-2.390	2.734	0.522	-1.033	-1.959	-2.934	-4.033	-4.853	-5.020	3.25039816	3
	0.019000	9.3010	1.72223759	1.7218	2.9003	3.5786	1.0399	-2.481	2.732	0.494	-1.062	-1.995	-3.015	-4.132	-4.960	-5.131	3.25040770	3
	0.019000	9.3010	1.72234809	1.7219	2.9359	3.5752	0.9909	-2.570	2.734	0.475	-1.081	-2.022	-3.092	-4.229	-5.064	-5.241	3.25041676	3
	0.019000	9.3010	1.72245157	1.7220	2.9709	3.5719	0.9426	-2.657	2.761	0.468	-1.102	-2.058	-3.168	-4.325	-5.163	-5.347	3.25042510	3
	0.019000	9.3010	1.72254670	1.7220	3.0045	3.5686	0.8960	-2.741	2.789	0.465	-1.116	-2.088	-3.240	-4.417	-5.258	-5.449	3.25043273	3
	0.019000	9.3010	1.72263658	1.7221	3.0379	3.5654	0.8496	-2.825	2.821	0.469	-1.120	-2.110	-3.308	-4.509	-5.353	-5.551	3.25044012	3
	0.019000	9.3010	1.72271895	1.7221	3.0701	3.5621	0.8045	-2.905	2.856	0.472	-1.125	-2.131	-3.375	-4.597	-5.444	-5.649	3.25044680	3
	0.019000	9.3010	1.72279632	1.7221	3.1017	3.5589	0.7601	-2.984	2.892	0.479	-1.124	-2.148	-3.439	-4.684	-5.533	-5.745	3.25045300	3
	0.019000	9.3010	1.72286701	1.7221	3.1317	3.5559	0.7179	-3.059	2.927	0.496	-1.110	-2.157	-3.496	-4.767	-5.617	-5.836	3.25045872	3
	0.019000	9.3010	1.72293532	1.7221	3.1619	3.5528	0.6752	-3.135	2.965	0.511	-1.097	-2.166	-3.554	-4.850	-5.703	-5.929	3.25046420	3
	0.019000	9.3010	1.72299838	1.7221	3.1905	3.5497	0.6344	-3.206	3.005	0.527	-1.081	-2.170	-3.610	-4.929	-5.784	-6.017	3.25046945	3
	0.019000	9.3010	1.72304928	1.7221	3.2132	3.5472	0.6016	-3.263	3.037	0.557	-1.050	-2.164	-3.646	-4.991	-5.848	-6.087	3.25047350	4
	0.019000	9.3010	1.72304928	1.7229	1.6889	3.6800	2.6572	0.548	2.802	1.944	0.920	0.320	-0.151	-0.841	-1.388	-1.460	3.25047350	4
	0.019000	9.3010	1.72423041	1.7241	1.7103	3.6783	2.6294	0.494	2.784	1.908	0.877	0.271	-0.203	-0.899	-1.452	-1.525	3.25056911	4
	0.019000	9.3010	1.72541869	1.7253	1.7135	3.6782	2.6263	0.486	2.777	1.901	0.869	0.263	-0.211	-0.908	-1.460	-1.533	3.25066519	4
	0.019000	9.3010	1.72663617	1.7265	1.7125	3.6786	2.6290	0.489	2.772	1.900	0.870	0.265	-0.209	-0.904	-1.456	-1.528	3.25076342	4
	0.019000	9.3010	1.72787166	1.7278	1.7119	3.6789	2.6312	0.490	2.767	1.898	0.869	0.265	-0.208	-0.902	-1.452	-1.525	3.25086284	4
	0.019000	9.3010	1.72907376	1.7290	1.7115	3.6792	2.6331	0.491	2.761	1.895	0.868	0.266	-0.207	-0.900	-1.450	-1.522	3.25095963	4
	0.019000	9.3010	1.73017764	1.7301	1.7112	3.6795	2.6347	0.492	2.756	1.893	0.867	0.265	-0.207	-0.898	-1.447	-1.519	3.25104809	4
	0.019000	9.3010	1.73136055	1.7313	1.7110	3.6797	2.6364	0.493	2.751	1.891	0.866	0.265	-0.206	-0.897	-1.445	-1.517	3.25114298	4
	0.019000	9.3010	1.73255980	1.7325	1.7108	3.6800	2.6380	0.493	2.745	1.888	0.865	0.265	-0.206	-0.895	-1.443	-1.515	3.25123906	4
	0.019000	9.3010	1.73378003	1.7338	1.7109	3.6803	2.6391	0.493	2.740	1.886	0.863	0.264	-0.206	-0.895	-1.442	-1.513	3.25133657	4
	0.019000	9.3010	1.73421931	1.7342	1.7111	3.6803	2.6394	0.492	2.738	1.884	0.862	0.263	-0.207	-0.895	-1.441	-1.513	3.25137162	4
	0.019000	9.3010	1.73508370	1.7351	1.7114	3.6805	2.6399	0.491	2.734	1.882	0.861	0.262	-0.208	-0.896	-1.441	-1.513	3.25144053	4
	0.019000	9.3010	1.73631310	1.7363	1.7121	3.6807	2.6403	0.490	2.729	1.878	0.858	0.260	-0.209	-0.897	-1.442	-1.513	3.25153828	4
	0.019000	9.3010	1.73753107	1.7375	1.7128	3.6809	2.6407	0.488	2.723	1.875	0.855	0.258	-0.211	-0.898	-1.442	-1.514	3.25163507	4
	0.019000	9.3010	1.73871422	1.7387	1.7135	3.6811	2.6410	0.486	2.718	1.871	0.852	0.256	-0.213	-0.899	-1.443	-1.514	3.25172901	4
	0.019000	9.3010	1.73990726	1.7399	1.7143	3.6812	2.6412	0.484	2.712	1.868	0.849	0.253	-0.215	-0.900	-1.444	-1.515	3.25182343	4
	0.019000	9.3010	1.74017131	1.7402	1.7144	3.6813	2.6413	0.484	2.711	1.867	0.849	0.253	-0.216	-0.901	-1.444	-1.515	3.25184441	4
	0.019000	9.3010	1.74115241	1.7412	1.7152	3.6814	2.6412	0.482	2.706	1.864	0.846	0.250	-0.218	-0.902	-1.445	-1.516	3.25192189	4
	0.019000	9.3010	1.74238145	1.7424	1.7164	3.6815	2.6409	0.479	2.701	1.859	0.842	0.247	-0.221	-0.905	-1.447	-1.518	3.25201893	4
	0.019000	9.3010	1.74355948	1.7436	1.7177	3.6816	2.6402	0.476	2.695	1.855	0.838	0.243	-0.224	-0.908	-1.450	-1.521	3.25211191	4
	0.019000	9.3010	1.74475014	1.7448	1.7192	3.6817	2.6394	0.472	2.690	1.850	0.834	0.240	-0.228	-0.911	-1.453	-1.524	3.25220561	4
	0.019000	9.3010	1.74599671	1.7460	1.7209	3.6818	2.6383	0.468	2.684	1.845	0.830	0.235	-0.232	-0.915	-1.457	-1.528	3.25230360	4
	0.019000	9.3010	1.74719179	1.7472	1.7227	3.6818	2.6369	0.463	2.679	1.841	0.825	0.231	-0.237	-0.920	-1.461	-1.532	3.25239730	4
	0.019000	9.3010	1.74842572	1.7484	1.7249	3.6818	2.6351	0.458	2.673	1.835	0.819	0.225	-0.242	-0.925	-1.467	-1.538	3.25249386	4
	0.019000	9.3010	1.74933076	1.7493	1.7265	3.6818	2.6337	0.454	2.669	1.831	0.815	0.221	-0.246	-0.929	-1.471	-1.542	3.25256467	4
	0.019000	9.3010	1.74968803	1.7497	1.7272	3.6818	2.6330	0.452	2.668	1.829	0.814	0.219	-0.248	-0.931	-1.473	-1.544	3.25259256	4
	0.019000	9.3010	1.75095153	1.7510	1.7300	3.6818	2.6303	0.445	2.662	1.823	0.807	0.213	-0.255	-0.938	-1.480	-1.551	3.25269103	4
	0.019000	9.3010	1.75216949	1.7522	1.7329	3.6816	2.6272	0.438	2.657	1.817	0.800	0.206	-0.262	-0.946	-1.488	-1.559	3.25278592	4
	0.019000	9.3010	1.75340438	1.7534	1.7364	3.6815	2.6234	0.429	2.651	1.810	0.792	0.197	-0.270	-0.955	-1.498	-1.569	3.25288200	4
	0.019000	9.3010	1.75464678	1.7546	1.7403	3.6813	2.6189	0.419	2.646	1.802	0.784	0.188	-0.280	-0.965	-1.509	-1.580	3.25297856	4
	0.019000	9.3010	1.75592458	1.7559	1.7449	3.6810	2.6135	0.408	2.640	1.793	0.774	0.177	-0.292	-0.978	-1.522	-1.593	3.25307751	4
	0.019000	9.3010	1.75720799	1.7572	1.7501	3.6806	2.6073	0.395	2.634	1.784	0.763	0.165	-0.304	-0.992	-1.537	-1.609	3.25317693	4
	0.019000	9.3010	1.75848639	1.7585	1.7559	3.6802	2.6001	0.380	2.627	1.773	0.750	0.152	-0.318	-1.008	-1.554	-1.626	3.25327563	4
	0.019000	9.3010	1.75977063	1.7598	1.7638	3.6796	2.5900	0.361	2.620	1.760	0.734	0.134	-0.338	-1.029	-1.578	-1.650	3.25337458	4
	0.019000	9.3010	1.76108193	1.7611	1.7648	3.6797	2.5897	0.358	2.616	1.757	0.731	0.131	-0.340	-1.032	-1.579	-1.652	3.25347567	4
	0.019000	9.3010	1.76242697	1.7624	1.7804	3.6783	2.5688	0.319	2.606	1.733	0.700	0.096	-0.378	-1.075	-1.627	-1.700	3.25357890	4
	0.019000	9.3010	1.76377594	1.7638	1.8142	3.6752	2.5232	0.235	2.586	1.680	0.634	0.021	-0.460	-1.168	-1.730	-1.805	3.25368237	4
	0.019000	9.3010	1.76458716	1.7646	1.8539	3.6718	2.4698	0.135	2.568	1.621	0.556	-0.068	-0.557	-1.279	-1.851	-1.927	3.25374460	4
	0.019000	9.3010	1.76499927	1.7650	1.8961	3.6681	2.4132	0.030	2.557	1.561	0.474	-0.163	-0.661	-1.396	-1.978	-2.057	3.25377607	4
	0.019000	9.3010	1.76520014	1.7652	1.9366	3.6647	2.3591	-0.072	2.545	1.504	0.395	-0.254	-0.760	-1.508	-2.099	-2.181	3.25379157	4
	0.019000	9.3010	1.76530170	1.7653	1.9771	3.6614	2.3052	-0.173	2.534	1.447	0.316	-0.345	-0.859	-1.620	-2.221	-2.304	3.25379920	4
	0.019000	9.3010	1.76535451	1.7654	2.0166	3.6581	2.2525	-0.272	2.525	1.393	0.240	-0.432	-0.955	-1.729	-2.339	-2.424	3.25380325	4
	0.019000	9.3010	1.76538527	1.7654	2.0545	3.6550	2.2023	-0.366	2.517	1.340	0.168	-0.515	-1.047	-1.832	-2.452	-2.539	3.25380564	4
	0.019000	9.3010	1.76540160	1.7654	2.0806	3.6529	2.1678	-0.432	2.512	1.304	0.118	-0.573	-1.110	-1.904	-2.529	-2.618	3.25380683	7
	0.019000	9.3010	1.76540184	1.7654	2.0812	3.6528	2.1670	-0.433	2.512	1.304	0.117	-0.574	-1.111	-1.905	-2.531	-2.620	3.25380683	7
	0.019000	9.3010	1.76540780	1.7654	2.0930	3.6519	2.1514	-0.463	2.509	1.287	0.095	-0.600	-1.140	-1.937	-2.566	-2.656	3.25380731	7
	0.019000	9.3010	1.76542771	1.7654	2.1320	3.6488	2.0999	-0.560	2.502	1.234	0.021	-0.685	-1.234	-2.044	-2.681	-2.773	3.25380898	7
	0.019000	9.3010	1.76544631	1.7654	2.1607	3.6465	2.0621	-0.632	2.498	1.196	-0.032	-0.747	-1.302	-2.121	-2.766	-2.859	3.25381017	7
	0.019000	9.3010	1.76547277	1.7655	2.1865	3.6444	2.0281	-0.696	2.495	1.162	-0.079	-0.803	-1.364	-2.191	-2.842	-2.937	3.25381231	7
	0.019000	9.3010	1.76551974	1.7655	2.1661	3.6461	2.0553	-0.645	2.496	1.188	-0.042	-0.759	-1.316	-2.136	-2.781	-2.875	3.25381589	7
	0.019000	9.3010	1.76557851	1.7656	2.1397	3.6483	2.0902	-0.579	2.498	1.222	0.006	-0.702	-1.252	-2.064	-2.703	-2.796	3.25382042	7
	0.019000	9.3010	1.76579738	1.7658	2.1137	3.6504	2.1247	-0.514	2.501	1.257	0.054	-0.646	-1.190	-1.994	-2.626	-2.717	3.25383711	7
	0.019000	9.3010	1.76717103	1.7672	2.1473	3.6477	2.0809	-0.598	2.496	1.212	-0.008	-0.719	-1.270	-2.085	-2.725	-2.818	3.25394201	7
	0.019000	9.3010	1.76772785	1.7677	2.1837	3.6448	2.0329	-0.689	2.492	1.164	-0.075	-0.798	-1.358	-2.184	-2.833	-2.928	3.25398445	7
	0.019000	9.3010	1.76816154	1.7682	2.2223	3.6417	1.9820	-0.786	2.492	1.114	-0.146	-0.881	-1.450	-2.288	-2.946	-3.044	3.25401759	7
	0.019000	9.3010	1.76851499	1.7685	2.2623	3.6385	1.9291	-0.886	2.500	1.066	-0.218	-0.966	-1.546	-2.397	-3.064	-3.165	3.25404453	7
	0.019000	9.3010	1.76881015	1.7688	2.3021	3.6352	1.8765	-0.985	2.509	1.019	-0.288	-1.050	-1.641	-2.505	-3.181	-3.284	3.25406694	7
	0.019000	9.3010	1.76906443	1.7691	2.3420	3.6320	1.8238	-1.085	2.519	0.972	-0.358	-1.133	-1.736	-2.614	-3.298	-3.404	3.25408626	7
	0.019000	9.3010	1.76928556	1.7693	2.3817	3.6288	1.7712	-1.184	2.529	0.927	-0.427	-1.215	-1.830	-2.721	-3.414	-3.523	3.25410295	7
	0.019000	9.3010	1.76948225	1.7695	2.4217	3.6255	1.7182	-1.284	2.540	0.882	-0.494	-1.296	-1.925	-2.829	-3.531	-3.643	3.25411797	7
	0.019000	9.3010	1.76966238	1.7697	2.4624	3.6222	1.6642	-1.386	2.551	0.838	-0.563	-1.378	-2.020	-2.938	-3.650	-3.766	3.25413179	7
	0.019000	9.3010	1.76982653	1.7698	2.5027	3.6189	1.6107	-1.487	2.562	0.794	-0.630	-1.458	-2.115	-3.047	-3.767	-3.886	3.25414419	7
	0.019000	9.3010	1.76997435	1.7700	2.5408	3.6157	1.5600	-1.582	2.573	0.754	-0.690	-1.531	-2.205	-3.149	-3.878	-4.001	3.25415540	7
	0.019000	9.3010	1.77012098	1.7701	2.5800	3.6124	1.5076	-1.680	2.586	0.714	-0.752	-1.606	-2.296	-3.255	-3.993	-4.119	3.25416660	7
	0.019000	9.3010	1.77025962	1.7703	2.6192	3.6091	1.4552	-1.778	2.589	0.670	-0.813	-1.678	-2.387	-3.360	-4.107	-4.238	3.25417709	7
	0.019000	9.3010	1.77039456	1.7704	2.6618	3.6055	1.3983	-1.884	2.589	0.623	-0.874	-1.750	-2.485	-3.475	-4.231	-4.366	3.25418735	7
	0.019000	9.3010	1.77051890	1.7705	2.7117	3.6012	1.3311	-2.009	2.592	0.570	-0.946	-1.834	-2.600	-3.609	-4.377	-4.518	3.25419688	7
	0.019000	9.3010	1.77061582	1.7706	2.7682	3.5962	1.2547	-2.150	2.593	0.513	-1.019	-1.919	-2.730	-3.761	-4.543	-4.690	3.25420403	7
	0.019000	9.3010	1.77068031	1.7707	2.8194	3.5916	1.1851	-2.279	2.596	0.464	-1.083	-1.994	-2.847	-3.899	-4.693	-4.847	3.25420904	7
	0.019000	9.3010	1.77072895	1.7707	2.8643	3.5875	1.1238	-2.391	2.597	0.424	-1.131	-2.050	-2.949	-4.021	-4.825	-4.985	3.25421262	7
	0.019000	9.3010	1.77077174	1.7708	2.9060	3.5836	1.0667	-2.495	2.599	0.389	-1.171	-2.095	-3.043	-4.134	-4.948	-5.113	3.25421596	7
	0.019000	9.3010	1.77081096	1.7708	2.9453	3.5799	1.0125	-2.593	2.604	0.357	-1.207	-2.137	-3.132	-4.241	-5.064	-5.235	3.25421906	7
	0.019000	9.3010	1.77084756	1.7708	2.9830	3.5762	0.9601	-2.687	2.626	0.348	-1.225	-2.169	-3.213	-4.344	-5.173	-5.350	3.25422168	7
	0.019000	9.3010	1.77088761	1.7709	3.0243	3.5721	0.9025	-2.791	2.662	0.342	-1.248	-2.209	-3.303	-4.458	-5.290	-5.477	3.25422478	7
	0.019000	9.3010	1.77092493	1.7709	3.0607	3.5685	0.8514	-2.882	2.697	0.341	-1.261	-2.239	-3.380	-4.558	-5.393	-5.588	3.25422764	7
	0.019000	9.3010	1.77096355	1.7710	3.0959	3.5648	0.8016	-2.970	2.738	0.349	-1.262	-2.259	-3.452	-4.655	-5.494	-5.696	3.25423050	7
	0.019000	9.3010	1.77100551	1.7710	3.1312	3.5611	0.7515	-3.058	2.782	0.354	-1.265	-2.280	-3.526	-4.753	-5.594	-5.804	3.25423384	7
	0.019000	9.3010	1.77105176	1.7711	3.1638	3.5577	0.7051	-3.140	2.824	0.369	-1.254	-2.291	-3.590	-4.843	-5.687	-5.904	3.25423717	7
	0.019000	9.3010	1.77109766	1.7711	3.2053	3.5532	0.6455	-3.243	2.882	0.396	-1.229	-2.296	-3.669	-4.957	-5.805	-6.033	3.25424075	7
	0.019000	9.3010	1.77111590	1.7711	3.3065	3.5414	0.4973	-3.496	3.047	0.519	-1.093	-2.262	-3.842	-5.237	-6.094	-6.350	3.25424218	7
	0.019000	9.3010	1.77112472	1.7711	3.3481	3.5365	0.4360	-3.600	3.065	0.597	-0.997	-2.229	-3.889	-5.352	-6.216	-6.480	3.25424266	7
	0.019000	9.3010	1.77112556	1.7711	3.3503	3.5362	0.4329	-3.606	3.065	0.601	-0.993	-2.227	-3.891	-5.358	-6.222	-6.487	3.25424290	8
